6.918414934521201,6.839664059407712,6.743598013426946,6.630798554988385,6.502178911544599,6.3589102371970805,6.202336535344761,6.033889930513114,5.855015718294755,5.667112974402469,5.471492893824984,5.2693542743550585,5.061773959326676,4.849709532342376,4.634011845855267,4.415445769524851,4.194718607561638,3.972516720361785,3.7495516621081024,3.5266169586285625,3.304654197685965,3.0848202297000116,2.86853372488425,2.657460358487674,2.45338398843807,2.2579348874288847,2.0722289251387505,1.8965760560541542,1.730430617834847,1.5726200301437991,1.4217171529812953,1.2763759526050749,1.1355341789328435,0.9984870897951037,0.8648812031171416,0.7346736449953436,0.6080821998335861,0.48553273396435837,0.3675996262041433,0.25493139860138553,0.14815772733386068,0.04778460360447426,-0.045902599259390275,-0.1329014101001663,-0.2134998043655263,-0.28822805275802266,-0.35777414083698067,-0.42289104857763815,-0.4843191650317639,-0.5427347821112163,-0.5987243758363504,-0.6527783439462257,-0.7052966401365872,-0.756600136813391,-0.8069436526362742,-0.8565284005060044,-0.9055128562384253,-0.9540217747135112,-1.002153445446399,-1.049985428013787,-1.0975790413730655,-1.1449828616570568,-1.1922354442199188,-1.2393674440861149,-1.2864032715442777,-1.3333623886367085,-1.3802603277190455,-1.4271094942450429,-1.473919801403653,-1.5206991732050104,-1.5674539442476125,-1.614189178045474,-1.660908920950078,-1.7076164049911695,-1.7543142101024392,-1.8010043939849778,-1.8476885961384104,-1.8943681212416783,-1.9410440060061418,-1.9877170727879487,-2.0343879725849527,-2.0810572195180823,-2.12772521847884,-2.1743922872909898,-2.22105867446785,-2.267724573433307,-2.3143901339036237,-2.3610554709900975,-2.4077206724725504,-2.4543858046052014,-2.501050916745583,-2.547716045039983,-2.5943812153530015,-2.641046445592131,-2.6877117475481387,-2.7343771283487723,-2.781042591603543,-2.827708138302262,-2.874373767517616,-2.9210394769518295,-2.967705263359737,-3.0143711228734777,-3.0610370512511893,-3.107703044062354,-3.1543690968280953,-3.2010352051224205,-3.247701364644299,-3.2943675712704423,-3.341033821086202,-3.3877001103971605,-3.4343664357605754,-3.481032793964945,-3.5276991820331944,-3.5743655972349924,-3.6210320370462714,-3.667698499128644,-3.714364981407529,-3.7610314819689337,-3.807697999012946,-3.8543645309473615,-3.9010310763455474,-3.947697633760155,-3.994364202185282,-4.041030780574094,-4.087697367925118,-4.134363963153034,-4.18103056526372,-4.227697173790697,-4.2743637894661415,-4.321030408236633,-4.367697034904079,-4.414363660736967,-4.461030293878053,-4.507696932484246,-4.554363575539228,-4.601030214394778,-4.647696856503845,-4.694363516850452,-4.741030168594964,-4.787696779546789,-4.834363446656086,-4.881030125309024,-4.927696815239348,-4.974363465042339,-5.021030032970691,-5.0676968145961565,-5.114363456752933,-5.161030385296333,-5.207696933176031,-5.254362888335175,-5.301030508269424
6.650256867138098,6.606340055399386,6.545107722829384,6.466360981288908,6.370300357795773,6.257508079712956,6.128898041715417,5.985642356953098,5.829086420295584,5.660664392138909,5.481824568690086,5.293970475752287,5.098419941398288,4.896381687781382,4.688947442120131,4.4770971250226035,4.2617150618178075,4.043616061893351,3.823581297818722,3.602404779929907,3.3809511540818185,3.1602232159425436,2.9414307569612,2.7260388631245,2.5157548195652013,2.3124008306360793,2.117643463524344,1.9326337334747095,1.7577165559404382,1.5923826082907102,1.43549938979477,1.2856863909304261,1.1416534601770782,1.002405593763086,0.867317633786692,0.7361268738311378,0.6088875215065651,0.4859100678014961,0.3676906221121244,0.2548264611286406,0.14791506929686085,0.04744326681221151,-0.046314316248939585,-0.13336103886888426,-0.21398834661337557,-0.2887292214076619,-0.3582743475435175,-0.42337953110981613,-0.48478795547754605,-0.5431784592838027,-0.5991396692860623,-0.6531636841958969,-0.7056517281559133,-0.7569255727838928,-0.8072406375485295,-0.8567985081351046,-0.90575786561131,-0.9542435510943605,-1.0023538585187888,-1.0501662976894834,-1.0977421036299972,-1.145129748606146,-1.1923676740863687,-1.2394864179549627,-1.2865102746027113,-1.3334585943007102,-1.3803468035110842,-1.4271872086362836,-1.473989631082999,-1.520761910414575,-1.5675103039496114,-1.6142398047735207,-1.6609543952590429,-1.7076572494617777,-1.7543508948852158,-1.8010373418869319,-1.8477181872678898,-1.8943946972341446,-1.941067873857672,-1.9877385083251113,-2.034407223600058,-2.0810745085981908,-2.127740745555705,-2.174406231937501,-2.2210711979648323,-2.2677358206286486,-2.3144002348839416,-2.361064542583358,-2.4077288195984097,-2.45439312148827,-2.5010574880053706,-2.5477219466699497,-2.5943865155999295,-2.6410512057459083,-2.687716022651058,-2.7343809678325246,-2.7810460398612635,-2.827711235202241,-2.874376548864624,-2.921041974901394,-2.967707506790171,-3.0143731377199674,-3.0610388608058128,-3.107704669243506,-3.154370556422434,-3.2010365160021563,-3.2477025419623082,-3.2943686286355134,-3.3410347707204004,-3.387700963277153,-3.434367201744547,-3.481033481906581,-3.5276997998840156,-3.5743661521363603,-3.621032535411939,-3.6676989467187533,-3.7143653833954016,-3.761031843000903,-3.807698323261644,-3.8543648221605995,-3.9010313378889885,-3.9476978686569772,-3.9943644131502154,-4.041030970045632,-4.087697538091652,-4.134364115983828,-4.181030702524685,-4.227697297064209,-4.274363900178985,-4.3210305076685245,-4.367697124206225,-4.414363740945358,-4.461030365922947,-4.50769699719641,-4.554363633651483,-4.601030266611375,-4.647696903416917,-4.6943635589241755,-4.741030206444492,-4.787696813530157,-4.834363476990043,-4.881030152911948,-4.927696839631786,-4.974363487514079,-5.021030052249844,-5.067696833155858,-5.114363473864426,-5.161030399750984,-5.207696948003771,-5.254362901832188,-5.301030522180216
6.315489593052671,6.304133743555668,6.276955015825083,6.233041987815509,6.171814539997533,6.093074152303859,5.997021863955416,5.884240623188793,5.755645350295825,5.612409632517066,5.455881003177447,5.287496750737522,5.108709779973458,4.920930447079756,4.725486750584212,4.523602604278957,4.316392458719313,4.104870195006189,3.889970698354801,3.672583443367798,3.4535982898633657,3.233963710485128,3.014755458072115,2.797247016004315,2.5829597571375857,2.3736517847300282,2.1711924476072135,1.9772932233832794,1.7931488891556475,1.6191481337104145,1.4548272895365835,1.2991041775934349,1.150656460460374,1.0082627370458581,0.8710087544542012,0.7383612059501157,0.6101555941087976,0.4865401362460808,0.3678971639217892,0.25474763657562705,0.14764001225911247,0.04703111068538868,-0.04682188942994867,-0.1339322387514433,-0.21459735208906064,-0.28935458374908946,-0.3588985579494881,-0.42398892325607745,-0.4853725149361573,-0.5437314294776932,-0.5996570113558813,-0.6536434920179477,-0.7060936796105141,-0.7573304615406546,-0.8076099991028174,-0.8571343353178259,-0.90606240032205,-0.9545191368410807,-1.0026028393986293,-1.050390951757587,-1.0979446011321319,-1.1453121278280536,-1.1925318294437812,-1.239634096408241,-1.2866430775836468,-1.3335779831561043,-1.3804541070640286,-1.427283631896746,-1.4740762644477872,-1.5208397389160617,-1.567580216267387,-1.6143026018315,-1.6610107983056965,-1.7077079075826072,-1.7543963919312495,-1.8010782028258339,-1.8477548839787685,-1.8944276537758613,-1.9410974712452054,-1.9877650888505505,-2.034431094735055,-2.081095946513767,-2.127759998293656,-2.174423522265597,-2.221086725945715,-2.2677497659300196,-2.314412758855298,-2.3610757901223347,-2.4077389208276574,-2.4544021932618563,-2.501065635261859,-2.5477292636476476,-2.5943930869282674,-2.6410571074255342,-2.6877213229339594,-2.734385728012362,-2.7810503149830614,-2.82771507469967,-2.874379997132252,-2.921045071808551,-2.967710288142379,-3.014375635673298,-3.061041104238974,-3.1077066840919727,-3.1543723659784892,-3.2010381411843474,-3.2477040015573997,-3.2943699395157906,-3.3410359480388037,-3.387702020642516,-3.4343681513789632,-3.4810343347867367,-3.5277005658680713,-3.5743668400780266,-3.6210331532628364,-3.6676995016201537,-3.7143658817610343,-3.761032290591144,-3.8076987252495855,-3.8543651831926415,-3.9010316621377585,-3.9476981598704937,-3.9943646746940913,-4.041031204943006,-4.087697749055596,-4.134364305455754,-4.181030872693904,-4.227697449892478,-4.274364037435125,-4.321030630939138,-4.3676972349184195,-4.414363840383671,-4.461030455240558,-4.507697077423195,-4.554363705695914,-4.601030331346771,-4.647696961577352,-4.6943636110846025,-4.741030253367882,-4.78769685566175,-4.834363514596813,-4.881030187132118,-4.927696869870663,-4.974363515371958,-5.021030076152605,-5.067696856162695,-5.114363495076378,-5.161030417660579,-5.207696966379436,-5.254362918580625,-5.301030539410995
5.922282549547792,5.938895677367246,5.942196558827422,5.930844265574851,5.9036700728882385,5.859762861153065,5.798542922163329,5.719812301704242,5.623772826428524,5.511008552781707,5.382435977667573,5.239230954098559,5.082744301672904,4.914418114194776,4.735712371890346,4.548047907170977,4.352768292735321,4.151120646148554,3.944253985192375,3.7332335229937104,3.5190698028240353,3.3027622799947287,3.0853569873207025,2.8680158000584886,2.6520882676729545,2.439163652014743,2.231061883305691,2.0297101229000285,1.83687532703688,1.6538066908235165,1.480947606527157,1.3178915434961171,1.1636190142871836,1.0168792385184704,0.8765334312893697,0.7417607018321752,0.6121274585748746,0.48756493118706523,0.3682952610940711,0.25472814925030485,0.14733858363311678,0.0465371762290023,-0.04744664590612532,-0.13464239718991478,-0.21535742079342962,-0.2901360351976741,-0.35967866063216947,-0.4247502311245418,-0.4861023992857304,-0.5444214563509212,-0.6003021959300313,-0.6542415309782268,-0.7066442476045038,-0.7578346183014577,-0.8080697195544585,-0.8575521540553278,-0.9064411525004311,-0.9548617754725256,-1.002912310735831,-1.0506701135272882,-1.0981961716472433,-1.1455386569061836,-1.1927356844244732,-1.2398174583971528,-1.2868079444346274,-1.3337261767227346,-1.3805872829950852,-1.4274032907852592,-1.474183763525741,-1.520936303757965,-1.5676669521568145,-1.6143805045779465,-1.6610807643911467,-1.7077707435800358,-1.7544528231793493,-1.8011288813717903,-1.847800395818231,-1.894468525429528,-1.941134175716859,-1.9877980510135504,-2.0344606961942606,-2.08112252998849,-2.127783871564972,-2.1744449617286374,-2.2211059798046002,-2.2677670570700914,-2.3144282874243607,-2.3610897358497756,-2.4077514451076554,-2.4544134410244114,-2.5010757366530667,-2.547738335538558,-2.5944012342697467,-2.6410644244648,-2.6877278943068985,-2.734391629724297,-2.781055615289368,-2.8277198348964623,-2.874384272266332,-2.9210489113148785,-2.967713736416454,-3.014378732585124,-3.0610438855945628,-3.1077091820477545,-3.1543746094134253,-3.2010401560341033,-3.247705811114388,-3.2943715646986527,-3.341037407634383,-3.387703331523155,-3.4343693286976382,-3.481035392152303,-3.5277015155025926,-3.57436769295822,-3.6210339192469845,-3.66770018956186,-3.714366499611889,-3.7610328454927062,-3.8076992236153018,-3.854365630782974,-3.9010320641257863,-3.9476985209028856,-3.9943649989434036,-4.041031496157205,-4.087698010598234,-4.134364540353599,-4.1810310836611855,-4.2276976393613035,-4.2743642075983335,-4.321030783763834,-4.36769737217371,-4.414363963662314,-4.461030565972038,-4.507697176884205,-4.55436379501267,-4.601030411602311,-4.647697033681707,-4.694363675749797,-4.741030311540315,-4.787696907895505,-4.83436356122022,-4.8810302295557255,-4.927696907356804,-4.974363549906509,-5.021030105788297,-5.067696884681465,-5.114363521370731,-5.16103043984778,-5.207696989149763,-5.254362939368237,-5.301030560749398
5.481558905569435,5.520503328814905,5.549003444256302,5.5656199805249855,5.568925169759633,5.557578343336758,5.530411122225944,5.486512851793225,5.425304456247663,5.3465888513938316,5.250569074590275,5.137830886144823,5.009293206791706,4.86613537227538,4.709713251959163,4.541476319603532,4.3628954117480285,4.175407410741172,3.980379690926971,3.77909469261861,3.572753727781075,3.362498905682377,3.1494523645188512,2.93477186932076,2.7197197257526557,2.5057354980440576,2.2944897789677396,2.0878773559512775,1.8878960437544217,1.696381157765992,1.5146493913586634,1.3432122394488226,1.181734173632352,1.0292728039483878,0.8846634424783837,0.7468630534752897,0.6151525325993765,0.4891962519375911,0.3690020422235827,0.2548226370843937,0.14702540623708366,0.045951117273130386,-0.04821406095511182,-0.13552573274963844,-0.21630735141012009,-0.29111421373435903,-0.3606553200221514,-0.42570295954299603,-0.4870152051593083,-0.5452837903043867,-0.601107909080114,-0.6549878575772045,-0.7073308966741797,-0.7584630192664994,-0.8086424298661712,-0.8580724139795511,-0.9069125624086313,-0.9552880694601882,-1.0032972030557317,-1.0510171984917198,-1.0985088619012742,-1.145820148687513,-1.1929889414266932,-1.2400452081698083,-1.2870126829903497,-1.3339101782990517,-1.3807526128452214,-1.4275518195377874,-1.474317182127014,-1.5210561383463752,-1.5677745784530253,-1.6144771615387308,-1.6611675669869657,-1.7078486946328213,-1.754522824247801,-1.801191742704443,-1.8478568454150504,-1.8945192172646828,-1.9411796971813642,-1.9878389296385564,-2.034497405715301,-2.08115549580886,-2.1278134756733262,-2.17447154712225,-2.2211298544658673,-2.267788497539957,-2.3144475420125583,-2.361107027518142,-2.407766974059405,-2.454427387029065,-2.5010882611338756,-2.54774958344658,-2.5944113357663308,-2.641073496432046,-2.6877360417036753,-2.7343989468036214,-2.7810621866913254,-2.8277257366294193,-2.874389572587867,-2.921053671522703,-2.967718011558527,-3.0143825720972406,-3.0610473338728297,-3.1077122789626195,-3.154377390771215,-3.201042653991482,-3.2477080545504813,-3.2943735795492395,-3.3410392171919763,-3.3877049567064663,-3.4343707882935535,-3.481036703033194,-3.527702692821397,-3.5743687503238326,-3.621034868881621,-3.6677010424421037,-3.714367265595986,-3.7610335334346128,-3.807699841466258,-3.8543661856846465,-3.9010325624916082,-3.9476989684936563,-3.9943654009321135,-4.04103185719044,-4.087698334845996,-4.134364831568367,-4.181031345207976,-4.227697874255348,-4.274364418558124,-4.321030973228261,-4.3676975423357955,-4.414364116497068,-4.4610307032514065,-4.507697300190822,-4.554363905742665,-4.601030511098898,-4.647697123073048,-4.694363755917439,-4.7410303836583205,-4.7876969726540395,-4.834363619022269,-4.881030282149086,-4.927696953826442,-4.974363592717229,-5.021030142532678,-5.067696920031458,-5.114363553964176,-5.161030467329435,-5.207697017362303,-5.254362965175945,-5.301030587167236
5.00454480573054,5.060300524086159,5.1083014565713984,5.147249192436009,5.175753468191071,5.192375244432144,5.195687056304465,5.184348634551305,5.157192131705137,5.113307608152599,5.052116960628877,4.973424442883444,4.87743495413707,4.764736874829295,4.6362528524917535,4.493167576393759,4.336844674448192,4.168744949540681,3.9903558803079258,3.8031388953656142,3.608497633436367,3.4077680290644974,3.2022298356749013,2.993138773626684,2.781777961322628,2.569525026260297,2.357924835085262,2.148744593309602,1.9439691664084604,1.7456823239697208,1.5558032914150395,1.3757321264012767,1.2060645489868655,1.0465522435070056,0.8963457326891221,0.7543804625854132,0.6197183693453164,0.49174130490093326,0.37019365099577,0.2551179021842434,0.14672907791540823,0.045264975069895214,-0.04915421279655827,-0.13662502316418754,-0.21749652166600947,-0.2923411476729298,-0.36188066205978375,-0.4268977045575636,-0.4881589993371084,-0.5463634022156976,-0.6021157571320823,-0.6559206468826231,-0.7081884366252588,-0.7592472580577524,-0.809356704652368,-0.8587208918521914,-0.9074998379072676,-0.9558188840175148,-1.0037762559817194,-1.0514490247977368,-1.0988977578450483,-1.1461701307092482,-1.1933037279767738,-1.24032821686382,-1.2872670377160542,-1.3341387225024264,-1.380957926380601,-1.4277362372955689,-1.4744828132401984,-1.5212048851911266,-1.5679081549475549,-1.6145971104449315,-1.6612752760561635,-1.7079454115293367,-1.7546096702449732,-1.8012697251868457,-1.8479268692445086,-1.8945820950811905,-1.9412361587164024,-1.9878896301200533,-2.034542933442139,-2.081196378969622,-2.1278501884796444,-2.174504515322211,-2.221159460297834,-2.267815084182055,-2.3144714175781673,-2.3611284686430776,-2.4077862291221135,-2.4544446790411563,-2.501103790334613,-2.547763529631597,-2.5944238603777934,-2.6410847444347127,-2.6877461432688197,-2.7344080188205324,-2.78107033412408,-2.827733053734806,-2.8743961440087045,-2.921059573269338,-2.9677233118899715,-3.0143873323122423,-3.0610516090200997,-3.1077161184785034,-3.15438083905221,-3.2010457509083277,-3.247710835909705,-3.2943760775076503,-3.3410414606288197,-3.3877069715576105,-3.4343725978515636,-3.4810383282168167,-3.527704152417473,-3.574370061204781,-3.6210360462005666,-3.667702099807779,-3.7143682152305595,-3.7610343863151012,-3.8077006074504762,-3.854366873626687,-3.9010331803426896,-3.947699523395879,-3.99436589929879,-4.04103230478225,-4.08769873683276,-4.134365192602285,-4.181031669460908,-4.227698165465473,-4.274364680095562,-4.321031208116902,-4.367697753294084,-4.4143643059741215,-4.4610308734436,-4.507697453059999,-4.554364043019536,-4.601030634449504,-4.647697233895947,-4.694363855303736,-4.741030473064704,-4.787697052941127,-4.834363690683467,-4.881030347349677,-4.9276970114313965,-4.974363645786394,-5.021030188092099,-5.067696963847012,-5.114363594364018,-5.16103050136151,-5.207697052312304,-5.2543629972263695,-5.301030619861972
4.501128751081606,4.568987620342655,4.63132080882738,4.687079777958826,4.735084775442621,4.774037604455524,4.802548276777134,4.819178109718597,4.822500104413,4.811174605815715,4.784034584032455,4.740171199256331,4.6790078441890195,4.600350830714504,4.504407922108994,4.391771528993273,4.2633700301716395,4.120396344508943,3.9642260176595787,3.796337232290066,3.618242941588819,3.431442013322148,3.2373930787125746,3.0375124443375787,2.8331959946888676,2.6258637689382596,2.41702323582305,2.20834067469102,2.0016968420461647,1.7991841504611148,1.602990304415185,1.4151369525230275,1.237126411480404,1.0696574699021346,0.9125870264039234,0.7651742010129202,0.6264650833062088,0.4956269971683146,0.3721262470746778,0.2557469837564582,0.1464997786062979,0.04447598999159532,-0.05030210320372153,-0.1379937750747803,-0.21898802791379235,-0.2938838045218881,-0.3634218938110839,-0.4283996501040738,-0.4895955897194945,-0.5477179816505967,-0.6033789783618074,-0.6570886232348372,-0.7092611883201978,-0.7602274678174724,-0.8102487637024041,-0.8595301955799922,-0.908232282901157,-0.9564805202334113,-1.0043730544061313,-1.051986728864052,-1.0993817942680497,-1.146605561631439,-1.1936952312400306,-1.2406800849585227,-1.287583188729617,-1.3344227184057726,-1.3812129954410828,-1.427965298437281,-1.4746885009017408,-1.5213895737417231,-1.5680739820773832,-1.6147459991897113,-1.6614089552819886,-1.7080654348146453,-1.7547174331689743,-1.801366481079423,-1.8480137434799226,-1.894660098012641,-1.9413061973548442,-1.9879525186614402,-2.034599402744531,-2.081247085076681,-2.1278957202809377,-2.174545401434067,-2.2211961752416483,-2.2678480539302455,-2.3145010245315656,-2.3611550560974757,-2.407810105276114,-2.454466120592299,-2.501123045706052,-2.5477808218673252,-2.5944393897405287,-2.6410986907370795,-2.6877586679652894,-2.7344192668847773,-2.7810804357338323,-2.827742125784032,-2.8744042914648675,-2.921066890391683,-2.9677298833230945,-3.014393234067775,-3.061056909357988,-3.1077208786981756,-3.1543851142028627,-3.201049590426666,-3.2477142841924787,-3.294379174425774,-3.341044241988973,-3.387709469516712,-3.434374841288924,-3.481040343068347,-3.527705961975684,-3.574371686388475,-3.6210375057968163,-3.6677034106888082,-3.7143693925494308,-3.761035443681077,-3.8077015570851938,-3.854367726507338,-3.9010339463270576,-3.947700211338613,-3.9943665171509495,-4.041032859685753,-4.087699235196986,-4.134365640194906,-4.181032071454111,-4.227698526493738,-4.274365004336805,-4.321031499320402,-4.367698014829495,-4.414364540878658,-4.4610310844396075,-4.507697642579326,-4.554364213207624,-4.601030787373025,-4.647697371288655,-4.694363978515595,-4.741030583903349,-4.787697152481213,-4.834363779527249,-4.881030428178938,-4.92769708283838,-4.97436371157042,-5.021030244583217,-5.0676970181523,-5.11436364443716,-5.161030543493902,-5.2076970956000554,-5.254363037045074,-5.3010306603065604
3.979189430536348,4.055484338019441,4.127956291090712,4.195818371665734,4.258155564094722,4.313919532036119,4.361930780470791,4.40089144160659,4.429411950624534,4.44605417355004,4.4493918283709775,4.438086204997322,4.410971531468182,4.367140660308642,4.306019286323739,4.227416888759881,4.1315456384763465,4.019004147510173,3.890729610865071,3.747927598651892,3.5919919562470546,3.424427499400838,3.246786087725494,3.0606234540313735,2.8674810154454486,2.6688943606089213,2.466427865606522,2.2617315236189746,2.056609049181529,1.8530728753902446,1.6533425328486857,1.4597303737570244,1.2743820536952366,1.0989240251641441,0.9341791908422308,0.7801280185407617,0.6361508996449025,0.5014068471317218,0.37515396057079403,0.2569048410181501,0.14641893070922007,0.04359058143849488,-0.05169781355532609,-0.13969897360167244,-0.22086285015318124,-0.29582887756799814,-0.3653662178440803,-0.43029332355909616,-0.4914049692891756,-0.5494219994378646,-0.6049661040682102,-0.6585543282688437,-0.7106058825014198,-0.7614548820124809,-0.8113647284265465,-0.8605417496319236,-0.9091470431871284,-0.9573062501867216,-1.0051173788054524,-1.0526569539278605,-1.0999848018555405,-1.1471477545598376,-1.1941825130982175,-1.2411178625891746,-1.2879763890748002,-1.3347758139587451,-1.3815300343678472,-1.4282499367203565,-1.474944034763503,-1.521618971234728,-1.5682799131639036,-1.6149308639295659,-1.661574909947621,-1.7082144158844905,-1.7548511792351282,-1.8014865527581077,-1.848121541443499,-1.8947568792772223,-1.9413930899628922,-1.988030534897641,-2.0346694510181287,-2.0813099805959854,-2.127952194636995,-2.174596111201279,-2.2212417096939,-2.2678889419621697,-2.314537740866097,-2.3611880268529903,-2.4078397129591487,-2.454492708575203,-2.501146922242877,-2.54780226369577,-2.594458645312837,-2.641115983118312,-2.6877741974334257,-2.7344332132634945,-2.78109296048561,-2.8277533738883416,-2.874414393103642,-2.9210759624619342,-2.9677380307944903,-3.014400551201153,-3.061063480799099,-3.1077267804594997,-3.1543904145449435,-3.201054350649382,-3.247718559345336,-3.294383013945698,-3.3410476902728985,-3.3877125664356913,-3.4343776226497194,-3.481042841027927,-3.5277082054132936,-3.5743737012400936,-3.621039315355239,-3.667705035872604,-3.7143708521455943,-3.7610367545624706,-3.8077027344042342,-3.8543687838735092,-3.9010348959619514,-3.9477010642201398,-3.99436728313668,-4.041033547630061,-4.087699853046051,-4.134366195099359,-4.181032569826369,-4.227698974079513,-4.274365406315372,-4.321031860340575,-4.367698339067967,-4.414364832102232,-4.461031346022374,-4.507697877535641,-4.554364424196986,-4.601030976959414,-4.647697541621327,-4.6943641312640425,-4.741030721311101,-4.78769727589247,-4.834363889674288,-4.881030528382006,-4.927697171351938,-4.974363793112879,-5.021030314632126,-5.067697085453598,-5.114363706495164,-5.161030595637063,-5.207697149200742,-5.254363086538103,-5.301030710308646
3.4446014618750245,3.5266445016427044,3.6060962919865913,3.6823943862912136,3.754870305048546,3.8227373248700762,3.885080675757547,3.9408523324906826,3.9888731958694854,4.027845904354071,4.056381544632507,4.073042827144807,4.0764045731675695,4.065129527140523,4.0380538536414825,3.994273010810541,3.933216238301801,3.854697892876564,3.7589369325563373,3.6465415168993287,3.5184624072882347,3.3759246221891677,3.220350087729127,3.0532843608051587,2.8763385086221636,2.6911540697121046,2.4993956827153947,2.3027726367727515,2.103086239034784,1.9022921486733118,1.702552902932174,1.5062363370061171,1.315802632697794,1.1335458340662268,0.9612407780491886,0.7998563250388353,0.6495124805547021,0.5097160872486087,0.3797271388917573,0.2588590259893327,0.14660878351703116,0.04262894617215697,-0.053386696655592335,-0.14182466685792966,-0.22322542241909893,-0.2982892791648243,-0.36782754717783805,-0.4326891117429999,-0.4936914046641021,-0.5515722629154034,-0.6069659491159596,-0.6603985583192817,-0.7122955786956339,-0.7629952803112842,-0.8127636437013774,-0.8618084411678946,-0.9102914222381562,-0.9583383437406153,-1.0060469800176344,-1.0534934054384213,-1.1007368717548425,-1.147823575631595,-1.1947895642948037,-1.2416629778852826,-1.2884657833547588,-1.3352151188280064,-1.3819243390742,-1.4286038309833933,-1.4752616514349404,-1.5219040274887945,-1.5685357494483407,-1.6151604802669397,-1.661780999415588,-1.708399395259168,-1.7550172168797116,-1.8016355938975297,-1.8482553309980068,-1.8948769824420848,-1.9415009107242518,-1.988127332669992,-2.0347563555799493,-2.0813880054886433,-2.1280222491795047,-2.1746590112606192,-2.221298187338018,-2.2679396541107826,-2.314583277043139,-2.3612289161341655,-2.4078764301985203,-2.4545256799861117,-2.5011765304006337,-2.5478288520225356,-2.5944825220987386,-2.641137425127179,-2.6877934531364254,-2.7344505057393964,-2.7811084900223224,-2.8277673203167346,-2.8744269178914035,-2.921087210592313,-2.96774813245215,-3.014409623285082,-3.0610716282803994,-3.1077340976000567,-3.1543969859912546,-3.201060252414479,-3.247723859690151,-3.294387774170381,-3.341051965427184,-3.3877164059566782,-3.434381070934441,-3.481045937947499,-3.5277109867743985,-3.5743761991997824,-3.6210415587931077,-3.6677070507243537,-3.7143726617039157,-3.7610383797467106,-3.8077041940005905,-3.8543700947551347,-3.9010360732811935,-3.947702121587421,-3.9943682327733034,-4.041034400513519,-4.087700619027859,-4.134366883044758,-4.181033187685461,-4.227699528975732,-4.274365904669266,-4.3210323079165045,-4.367698741042712,-4.414365193147847,-4.4610316703204465,-4.507698168822414,-4.554364685769122,-4.601031211998353,-4.647697752791376,-4.694364320628739,-4.74103089165552,-4.787697428901472,-4.834364026233929,-4.881030652600792,-4.927697281066642,-4.9743638941841954,-5.021030401497733,-5.067697168852907,-5.114363783398916,-5.1610306601425435,-5.207697215548983,-5.254363148090352,-5.301030772079777
2.901563622280351,2.9874629986165564,3.0716303833427827,3.1536765957927186,3.233132329156814,3.3094353267126744,3.381917347167942,3.449791966759478,3.512144793555666,3.567928281199288,3.615963939771328,3.6549551870852195,3.683514112922059,3.7002047280143158,3.7036035528447084,3.6923755724208394,3.665359934944753,3.6216561137653334,3.5606988119198872,3.482309904045617,3.3867188086472413,3.2745483949588823,3.1467703088392525,3.0046394607619558,2.849620814622896,2.6833220673444758,2.5074438695323367,2.3237559006392314,2.134102983484926,1.940439979452211,1.7448854469173183,1.5497693009561033,1.3576294663965551,1.1710987875245698,0.9926459174690215,0.8242191379032958,0.6669531948630399,0.5211169007930956,0.3863354765130874,0.261938046934003,0.14723479471225454,0.04162769215242241,-0.0554205685524578,-0.14447695726835041,-0.22621118901127252,-0.30141300055498577,-0.37095572772503493,-0.43573224382868825,-0.49659183900588183,-0.5542955757867535,-0.6094944769222647,-0.6627264480195513,-0.7144250162925336,-0.7649336727177058,-0.8145215661151075,-0.8633981824889977,-0.9117259835393386,-0.9596307704165138,-1.0072099337500315,-1.05453890483092,-1.1016761492038445,-1.1486670126171412,-1.195546678280306,-1.2423424420913474,-1.2890754664906905,-1.3357621359995318,-1.3824151079931186,-1.4290441296301255,-1.4756566747235234,-1.5222584414407072,-1.5688537420289814,-1.6154458084705936,-1.6620370324675906,-1.7086291539842546,-1.7552234093958101,-1.8018206478572107,-1.8484214226312219,-1.8950260626645696,-1.9416347285735673,-1.9882474563206842,-2.0348641911742105,-2.081484814001429,-2.128109161518795,-2.1747370417854186,-2.221368245959264,-2.2680025571240017,-2.3146397568265646,-2.361279629832187,-2.4079219674977614,-2.4545665700800856,-2.501213248228721,-2.547861823859862,-2.5945121305653633,-2.641164013677671,-2.6878173300843833,-2.7344719478656496,-2.781127745810353,-2.8277846128542317,-2.8744424474727333,-2.9211011570530285,-2.967760657263328,-3.0144208714324203,-3.06108172995034,-3.1077431696928874,-3.154405133479,-3.201067569559715,-3.247730431139852,-3.2943936759379167,-3.3410572657737685,-3.387721166182678,-3.4343853460897145,-3.4810497774692206,-3.527714435059506,-3.574379296119492,-3.6210443401545276,-3.667709548684211,-3.7143749051416703,-3.7610403945989948,-3.807706003559129,-3.8543717199396452,-3.901037532877779,-3.9477034324704614,-3.994369410094751,-4.0410354578831615,-4.087701568659491,-4.1343677359294375,-4.1810339536798,-4.227700216911316,-4.274366522505269,-4.321032862800811,-4.3676992393912775,-4.414365640756162,-4.461032072370414,-4.507698529944813,-4.554365010050342,-4.6010315033867,-4.647698014589604,-4.694364555385811,-4.741031102829475,-4.787697618609557,-4.834364195541731,-4.881030806588231,-4.927697417055458,-4.974364019454146,-5.0210305092255565,-5.067697272187551,-5.114363878686993,-5.161030739899739,-5.207697297640208,-5.254363224690662,-5.3010308483142685
2.353007863581228,2.4414675261384144,2.5287804114726016,2.6146829540019594,2.698854270360237,2.7809053668041734,2.8603671700934754,2.9366777158884605,3.0091691297058283,3.077055449186476,3.1394228646510784,3.1952245673109982,3.2432830058165014,3.2823027987275557,3.3108975815705795,3.327633369224655,3.331089301787882,3.319933819374495,3.2930106723574224,3.2494255289951317,3.1886215231746675,3.110432131495492,3.015102912623726,2.9032794182954547,2.7759654550892088,2.634461848020137,2.4802993716932558,2.3151800264809332,2.140938728881209,1.9595333684544511,1.7730649449554428,1.5838196189159028,1.394308615472233,1.2072605321225363,1.0255056497308348,0.851713226744056,0.6880279014730509,0.5357639988418124,0.3953361032754694,0.26646095359895444,0.14848283792249964,0.04063284818223625,-0.05786296862970261,-0.1477918179101363,-0.22999713490931475,-0.3053952910144898,-0.3749492538885807,-0.4396152287462546,-0.5002875546572313,-0.557759373902483,-0.6127043196754126,-0.6656758857830962,-0.7171179914285823,-0.7673807307818791,-0.8167371517545241,-0.8653987568478145,-0.9135287496142128,-0.961252838000582,-1.0086677954421674,-1.0558481277485403,-1.1028512132727266,-1.1497212462668127,-1.1964922571152599,-1.2431904267669707,-1.2898358636065754,-1.3364439711522957,-1.383026503837997,-1.4295923843556106,-1.4761483380879825,-1.5226993866988507,-1.5692492328626104,-1.6158005605540398,-1.6623552696288935,-1.7089146591277111,-1.7554795704712032,-1.8020504992241992,-1.8486276821935723,-1.8952111651514847,-1.9418008553333816,-1.9883965619717556,-2.034998027432953,-2.0816049509807972,-2.1282170067637733,-2.1748338572862425,-2.2214551633588018,-2.2680805913132347,-2.3147098181015533,-2.3613425347672843,-2.4079784486730818,-2.454617284786197,-2.5012587862580964,-2.5479027144826665,-2.594548848776486,-2.6411969857924373,-2.687846938751967,-2.7344985365617034,-2.7811516228637485,-2.8278060550568602,-2.8744617033160873,-2.921118449630603,-2.967776186873692,-3.014434817914164,-3.0610942547767426,-3.1077544178512615,-3.1544152351569323,-3.2010766416583456,-3.247738578631802,-3.2944009930861764,-3.3410638372256614,-3.387727067951847,-3.4343906464375262,-3.481054537696129,-3.527718710215261,-3.5743831356413804,-3.6210477884400154,-3.667712645604138,-3.714377686502966,-3.7610428925594923,-3.8077082469971155,-3.854373734792241,-3.901039342436565,-3.9477050576567825,-3.994370869694159,-4.041036768769074,-4.087702745974554,-4.134368793300386,-4.1810349033271095,-4.227701069784438,-4.274367288470508,-4.321033550722094,-4.3676998572197725,-4.414366195681883,-4.461032570814215,-4.507698977645823,-4.554365412073765,-4.601031864633574,-4.6476983391540845,-4.6943648464141585,-4.741031364616089,-4.787697853823338,-4.834364405454314,-4.8810309974734,-4.927697585602857,-4.974364174704576,-5.02103064283981,-5.067697400201125,-5.11436399673241,-5.161030838451139,-5.207697399150647,-5.254363320091014,-5.301030942275566
1.8009729947337845,1.89112071013967,1.9805139664741715,2.0689767950499043,2.1562936096226135,2.2422010298323514,2.3263784031451675,2.4084370238421147,2.4879081786048727,2.564230353678673,2.6367362399132435,2.7046405861523457,2.7670304803129584,2.822860250818809,2.8709537937182925,2.9100175796958534,2.9386676291745486,2.9554730501020345,2.959017026844473,2.9479733355105595,2.9211928364420414,2.8777907714469007,2.817223305915061,2.739341849010606,2.644416895556444,2.5331290014154058,2.406531490415924,2.2659955864162993,2.1131522455630907,1.9498453145116268,1.7781077574164534,1.6001664577425994,1.4184703645222714,1.2357195485848147,1.054849772694708,0.878910438697188,0.7107935365959709,0.552856132565972,0.4065938862929541,0.2725463085592081,0.15047369991920892,0.03966461574091233,-0.06080668053306161,-0.15194930700177312,-0.23481719975205279,-0.3104956099721448,-0.38007285649939926,-0.4445951128016965,-0.5050204147412578,-0.5621865671473757,-0.6167980667672152,-0.6694292451885023,-0.7205376151548839,-0.7704817007010598,-0.8195393693629157,-0.8679244775262845,-0.9158009447036467,-0.9632941439965843,-1.010499871596744,-1.0574912923117483,-1.104324265958149,-1.151041412209511,-1.1976752076431383,-1.2442503465733084,-1.2907855439213887,-1.3372949154541418,-1.3837890374175228,-1.430275762287352,-1.4767608483524717,-1.5232484466513372,-1.5697414781974455,-1.6162419265248775,-1.6627510646649108,-1.7092696312112237,-1.7557979667646566,-1.80233611949023,-1.8488839265648829,-1.8954410767940653,-1.9420071585180052,-1.9885816960319116,-2.035164177047158,-2.081754073176447,-2.128350855000223,-2.174954002937633,-2.2215630148828147,-2.2681774113606776,-2.3147967387934347,-2.361420571340705,-2.408048511674673,-2.4546801909717235,-2.5013152683390243,-2.54795342984467,-2.594594387280908,-2.6412378767593143,-2.687883657212303,-2.73453150885698,-2.7811812316620808,-2.8278326438476213,-2.874485580438083,-2.9211398918829263,-2.967795442753046,-3.0144521105178113,-3.0611097844059847,-3.1077683643466885,-3.154427759993244,-3.2010878898239112,-3.2477486803149476,-3.294410065188558,-3.341071984720326,-3.3877343851021333,-3.4343972178909423,-3.4810604394664244,-3.5277240105636745,-3.5743878958684996,-3.6210520635962262,-3.6677164851263138,-3.714381134788326,-3.7610459894801758,-3.8077110283586433,-3.8543762327530873,-3.901041585874804,-3.947707072511706,-3.9943726792565792,-4.0410383939588685,-4.087704205565756,-4.134370104187597,-4.181036080661806,-4.227702127142017,-4.274368238081046,-4.321034403578229,-4.367700623174337,-4.414366883656402,-4.461033188763678,-4.507699532682481,-4.554365910475984,-4.601032312486436,-4.647698741532784,-4.6943652071989606,-4.741031689140764,-4.7876981454648835,-4.834364665715517,-4.881031234089295,-4.92769779449335,-4.974364367091188,-5.021030808583994,-5.06769755875183,-5.114364142932702,-5.1610309601282385,-5.2076975245764565,-5.254363439008756,-5.301031057884245
1.2469080086007258,1.338163605763841,1.4289250326952017,1.5190759199506043,1.6084731113333637,1.6969408226107148,1.784263697010127,1.87017863987996,1.9543653547696869,2.036435580299504,2.1159211584550834,2.1922612707369007,2.264789480417371,2.3327216340375827,2.395146205153838,2.4510192781160534,2.4991669844260147,2.5382986561744687,2.567033999569175,2.5839469046614396,2.58762681117347,2.5767557520633693,2.550195593948286,2.5070764030001533,2.4468745252508857,2.3694691316345393,2.2751692824250584,2.1647095532594265,2.0392193783134576,1.9001774322976548,1.7493657956079869,1.58883821774405,1.4209117612175117,1.2481802758800729,1.073529838802788,0.9001114960502092,0.7312075758639353,0.5699454867873383,0.4188976998844077,0.2797252272791198,0.15305128173519741,0.03861537607441463,-0.06442272245271558,-0.15720285927830804,-0.24098664861117733,-0.31706178092346243,-0.38668193139551776,-0.45101742272946865,-0.5111154914975171,-0.567876297667385,-0.6220468904685499,-0.6742298345491425,-0.7249006812307961,-0.7744288585030499,-0.8230982442439956,-0.871125427557369,-0.9186749281572439,-0.9658713836842792,-1.012809063595389,-1.0595591794825883,-1.1061754506446229,-1.1526983215763018,-1.1991581528769606,-1.2455776365862694,-1.2919736276173734,-1.338358535793584,-1.3847413867270055,-1.4311286324224426,-1.4775247720787463,-1.5239328284078135,-1.5703547135583018,-1.6167915103920751,-1.663243688651567,-1.7097112709122924,-1.756193959724667,-1.802691234712674,-1.849202426394562,-1.8957267719622866,-1.9422634570841009,-1.9888116468915595,-2.035370508613704,-2.08193922777907,-2.128517019484156,-2.1751031358976634,-2.221696870912307,-2.2682975626543374,-2.3149045944027695,-2.3615173943463095,-2.408135434508647,-2.4547582290963645,-2.501385332463992,-2.5480163368437627,-2.59465086995105,-2.641288592548061,-2.6879291960258045,-2.7345724000477194,-2.781217950284561,-2.8278656162603424,-2.8745151893214826,-2.9211664807353106,-2.967819319919682,-3.014473552802465,-3.0611290403087468,-3.1077856569673004,-3.1544432896347705,-3.201101836328254,-3.2477612051577247,-3.294421313358778,-3.341082086406835,-3.3877434572070295,-3.4344053653874993,-3.481067756618103,-3.5277305820178437,-3.574393797639057,-3.6210573639451797,-3.6677212453538095,-3.714385409944422,-3.761049829003231,-3.8077144766442053,-3.8543793296741433,-3.9010443672365582,-3.9477095704755594,-3.994374922699521,-4.041040408817952,-4.087706015117571,-4.134371729378499,-4.1810375402776065,-4.227703438014149,-4.274369415369172,-4.321035460915934,-4.367701572769587,-4.4143677365813305,-4.461033954872406,-4.50770022078812,-4.5543665283606,-4.601032867707099,-4.647699240380877,-4.69436565445567,-4.741032091430897,-4.787698507080809,-4.834364988411474,-4.881031527377643,-4.927698053368752,-4.974364605464857,-5.021031014223367,-5.067697755064673,-5.114364323938135,-5.161031110209879,-5.207697679389987,-5.254363587382053,-5.301031199795423
0.6919098684514967,0.783890395133545,0.8755482760149157,0.9668070573176218,1.0575724336063446,1.1477282198774852,1.2371314891211511,1.325606742048427,1.4129389763903328,1.4988655389039613,1.5830666833159093,1.6651548348489027,1.7446626936530816,1.8210305158206208,1.8935932132704887,1.9615683297726236,2.024046481830021,2.079986470166678,2.1282178856095766,2.1674544898902615,2.196321697445907,2.21340080780143,2.217290957324149,2.2066869836975087,2.1804678275626945,2.137786554240375,2.0781508085590237,2.001482772720631,1.9081511222515375,1.79897359025066,1.6751959318490806,1.5384590791306503,1.3907688946570376,1.2344802908317818,1.0722977086502072,0.9072752228607875,0.742773050511436,0.5823056210926975,0.42923172970850393,0.28632256104613507,0.15536757731861242,0.03701611670555999,-0.06907992004419583,-0.16394322021333316,-0.24894443903091454,-0.32556587181886987,-0.3952567642793435,-0.45934931976943466,-0.5190124936831245,-0.5752329319814893,-0.6288166771002432,-0.6804050348300938,-0.7304978908146552,-0.7794790285272203,-0.8276399394237401,-0.8752003912489443,-0.92232525701653,-0.9691378036400167,-1.0157299450074615,-1.062170038357907,-1.1085087618694456,-1.1547835262710175,-1.2010217811588648,-1.2472434939869481,-1.2934630117384658,-1.3396904621258328,-1.3859328107771052,-1.4321946607043645,-1.478478858040584,-1.5247869516059154,-1.5711195417827168,-1.6174765452793967,-1.6638573957874314,-1.7102611956565408,-1.7566868300745537,-1.8031330525112073,-1.8495985481299544,-1.8960819803152016,-1.9425820242775078,-1.9890973907933414,-2.0356268424405073,-2.082169204154482,-2.128723369516804,-2.1752883038658113,-2.2218630450709154,-2.268446702617985,-2.315038455502641,-2.361637549310992,-2.4082432927760107,-2.454855054026635,-2.5014722566916743,-2.5480943759776724,-2.59472093480692,-2.6413515000764836,-2.687985679079307,-2.7346231161141166,-2.7812634892991572,-2.827906507596734,-2.874551908049458,-2.92119945322445,-2.9678489288584378,-3.0145001416949397,-3.0611529175044083,-3.1078070992729896,-3.1544625455527644,-3.2011191289599217,-3.2477767348072715,-3.2944352598688935,-3.341094611253777,-3.3877547053803676,-3.434415467076358,-3.48107682872472,-3.527738729515347,-3.574401114791065,-3.6210639353999823,-3.6677271471248702,-3.7143907102933,-3.761054589231728,-3.807718751800419,-3.854383169197569,-3.9010478155222725,-3.9477126674005207,-3.9943777040673933,-4.041042906786721,-4.087708258546739,-4.134373744238173,-4.181039349860233,-4.227705063188707,-4.274370874925871,-4.321036771765337,-4.3677027500356855,-4.414368794008397,-4.46103490466469,-4.507701073865235,-4.554367294368612,-4.601033556033485,-4.647699858824923,-4.694366208903306,-4.741032590108764,-4.787698955474138,-4.834365388536697,-4.881031890888061,-4.927698374171035,-4.974364900764526,-5.021031269427205,-5.06769799803382,-5.114364547921439,-5.161031295104385,-5.2076978702062044,-5.254363772688043,-5.3010313734418855
0.13691635773311553,0.22937030647518522,0.321614141541447,0.4135978719484299,0.5052597258585576,0.5965234345867004,0.687294922517217,0.7774582901046984,0.8668709650650498,0.9553578891550081,1.0427046088508536,1.128649154227752,1.212872630784366,1.2949885268422385,1.3745308714635636,1.4509415850670875,1.5235576687539154,1.5915992960606766,1.654160404758472,1.7102040068677855,1.758565058202841,1.7979641929413124,1.8270356851872749,1.8443723390507343,1.8485883515735515,1.8383984518998817,1.8127081010867316,1.7707060659253449,1.7119485057508823,1.636424087043502,1.5445931875434489,1.4374004214113922,1.3162667025364716,1.1830722017564854,1.0401418577340562,0.8902375333706133,0.736542916581842,0.5825998763551448,0.4321312924534781,0.2886990020029286,0.15523238040543055,0.03359454256289974,-0.07560014658570982,-0.1728361256718205,-0.25933309051656933,-0.3366609512705805,-0.40645140441100247,-0.47022541332836354,-0.5293090988456769,-0.5848063010111622,-0.6376045600017768,-0.6883988247060103,-0.7377223751547748,-0.7859783213352933,-0.8334680447488315,-0.8804150794085115,-0.9269842366364518,-0.9732964457004641,-1.0194400327092172,-1.0654791793598979,-1.1114602165367053,-1.1574162876544012,-1.2033707988936655,-1.2493399725780236,-1.2953347393364503,-1.341362142876264,-1.3874263849370612,-1.4335296038980683,-1.4796724555818537,-1.5258545466406732,-1.5720747576966563,-1.6183314837734715,-1.664622812512488,-1.710946655493446,-1.7573008441626543,-1.8036831990407536,-1.8500915787712724,-1.8965239139892762,-1.9429782297979712,-1.9894526597396727,-2.035945453462721,-2.0824549797637353,-2.1289797262852463,-2.175518296842518,-2.2220694071181444,-2.26863187928213,-2.315204635955873,-2.361786693831396,-2.408377157174817,-2.454975211379791,-2.5015801166884275,-2.548191202160185,-2.5948078599413895,-2.641429539867054,-2.6880557444107227,-2.734686023986934,-2.781319972602082,-2.827957223843778,-2.8745974471948905,-2.9212403446556126,-2.967885647655062,-3.014533114233795,-3.0611825264791577,-3.1078336881915463,-3.1544864227673117,-3.2011405712793173,-3.2477959907352134,-3.294452552507725,-3.341110140908479,-3.3877686518943535,-3.4344279919262197,-3.481088076900183,-3.5277488312053986,-3.574410186898101,-3.621072082898213,-3.6677344642775562,-3.7143972817481132,-3.7610604910038856,-3.807724052149242,-3.854387929426378,-3.9010520906784723,-3.9477165069290345,-3.9943811523610964,-4.041046003717367,-4.087711039896637,-4.134376242206455,-4.181041593327923,-4.227707078031806,-4.274372684433426,-4.321038396914793,-4.367704209560542,-4.414370104974399,-4.461036082183113,-4.507702131464095,-4.554368244005139,-4.601034409371374,-4.647700625533505,-4.694366896222898,-4.741033208248945,-4.787699511488366,-4.834365884699294,-4.881032341392221,-4.927698771692466,-4.974365266495172,-5.021031586255152,-5.067698298580082,-5.1143648248891145,-5.161031522556957,-5.207698104943242,-5.254364004328078,-5.3010315850003975
-0.41711999429121743,-0.3243572615077845,-0.23173102449815997,-0.139273844791764,-0.047026003332113896,0.04496269524102334,0.13663071034354746,0.22790206034636565,0.31868302606431176,0.4088581506863384,0.4982854121143672,0.5867904362057589,0.6741596206360058,0.7601320554964759,0.8443901677282695,0.9265490951094059,1.006144928822071,1.082622172233146,1.155321069260677,1.223465876087817,1.286155687698914,1.3423600567273974,1.390922273134885,1.4305736488674279,1.4599622247581496,1.4776986807093488,1.4824206079875497,1.472873611452922,1.4480042599569962,1.4070565241086017,1.3496612768866372,1.2759089131920647,1.1863987138561525,1.0822644970588038,0.9651821351244045,0.8373672054431929,0.7015662450634688,0.5610290967114219,0.41942306266000906,0.2806253069074375,0.1483432175130331,0.025601969788175902,-0.08572288538222529,-0.18509737731387757,-0.2731540690440356,-0.3512774563447887,-0.4211660026731683,-0.4845111685853735,-0.5428200241338361,-0.5973468556727984,-0.6490895045242883,-0.6988172299639858,-0.7471098191907247,-0.7943970783069059,-0.8409937102742947,-0.8871279331778334,-0.9329639137426575,-0.9786188372791481,-1.0241756453844049,-1.0696924226120064,-1.1152092612413238,-1.1607532608526365,-1.2063421629743916,-1.2519869927651333,-1.2976939801860263,-1.3434659584966178,-1.3893033830901365,-1.4352050739180946,-1.4811687561059963,-1.5271914527881452,-1.5732697694197617,-1.6194000982044927,-1.665578763616118,-1.7118021244474546,-1.7580666437855046,-1.8043689353632066,-1.85070579257187,-1.8970742048189826,-1.9434713647296364,-1.9898946688057737,-2.036341713496196,-2.0828102881339046,-2.1292983658237534,-2.1758040930815707,-2.222325778813081,-2.2688618830601186,-2.3154110058201343,-2.3619718761534068,-2.4085433417235125,-2.455124358864951,-2.501713983233616,-2.548311361067351,-2.594915721063334,-2.641526366864314,-2.6881426701351736,-2.734764064204745,-2.781390038242899,-2.8280201319406695,-2.874653930660096,-2.9212910610201988,-2.9679311868856324,-3.0145740057266153,-3.061219245320418,-3.1078666607627436,-3.15451603176548,-3.2011671602148692,-3.2478198679621024,-3.294473994836013,-3.3411293968428017,-3.387785944537986,-3.434443521584551,-3.481102023416788,-3.5277613560567715,-3.5744214350741017,-3.621082184589081,-3.667743536385517,-3.7144054292465225,-3.7610678081577062,-3.8077306236036814,-3.854393831198698,-3.9010573910269715,-3.947721267164487,-3.9943854275277575,-4.041049843252241,-4.087714488166818,-4.134379339134607,-4.181044374725771,-4.227709575985322,-4.274374927805852,-4.321040411731744,-4.36770601902205,-4.414371730276421,-4.461037542031134,-4.507703442615475,-4.554369421283878,-4.601035467270874,-4.6477015760432145,-4.694367748245778,-4.74103397443907,-4.787700200979841,-4.834366500001087,-4.881032899637294,-4.927699264261771,-4.974365719305426,-5.021031979781223,-5.067698670065381,-5.11436516702736,-5.161031801886585,-5.207698392946248,-5.254364294068098,-5.3010318412089195
-0.9690485162244121,-0.8760845421082084,-0.7832089917606039,-0.6904429952864343,-0.5978127115868594,-0.5053505141808738,-0.413096450771757,-0.32110003660248987,-0.22942245311282994,-0.1381392361219853,-0.04734355126060237,0.04284983225394328,0.13229974680320292,0.22083288071320573,0.3082369536601468,0.39425270206737467,0.4785646052535453,0.5607903628414088,0.6404692687869741,0.7170498381123858,0.7898773511039862,0.8581824042446347,0.9210721006840132,0.9775261473509635,1.0264007686889967,1.0664438395939895,1.0963247375133853,1.1146818118228812,1.1201887943401252,1.1116388485501318,1.08804158777091,1.0487251054138214,0.9934330679553851,0.9224073681271697,0.8364500670503305,0.736963207143768,0.6259685499833942,0.5061068410328758,0.3806031633049615,0.25316074228797825,0.12772302371808603,0.008058442427172366,-0.10278577092203851,-0.20297172853831033,-0.292058360377475,-0.3707944207434631,-0.4406594518001502,-0.5033916576938177,-0.5606564125724313,-0.6138797250748573,-0.6642010809439319,-0.7124909759956534,-0.7593944057452803,-0.805378996481158,-0.8507782335532311,-0.8958266998161308,-0.9406872833388795,-0.9854715002394706,-1.0302543598128389,-1.0750850932293337,-1.1199948321672792,-1.165002076625512,-1.2101165769528701,-1.2553420852542319,-1.3006783030847195,-1.3461222583379007,-1.3916692765646241,-1.4373136637774133,-1.4830491836979254,-1.528869388341207,-1.5747678438542483,-1.6207382815343123,-1.6667746954599727,-1.7128714021333638,-1.7590230732277254,-1.8052247494511584,-1.8514718413197389,-1.8977601210312272,-1.9440857084690975,-1.9904450535213998,-2.036834916282205,-2.0832523462522503,-2.1296946613249745,-2.176159427102031,-2.2226444369051124,-2.2691476927215146,-2.315667387226679,-2.3622018869590224,-2.4087497166737624,-2.455309544868134,-2.5018801704469396,-2.5484605104814673,-2.595049589005021,-2.641646526782565,-2.688250531989201,-2.734860891732099,-2.781476964351205,-2.828098172436454,-2.8747239965022167,-2.9213539692628894,-2.9679876704564374,-3.014624722167675,-3.061264784606348,-3.1079075522956696,-3.15455275063578,-3.201200132807139,-3.247849476975582,-3.294500583782605,-3.3411532740775853,-3.38780738687223,-3.434462777523382,-3.4811193160636424,-3.5277768857170275,-3.574435381591412,-3.6210947094413344,-3.667754784562794,-3.7144155309378686,-3.7610768802667156,-3.807738771101166,-3.85440114835237,-3.9010639624805483,-3.947727168945467,-3.994390727889943,-4.041054603494409,-4.087718763302692,-4.134383178663466,-4.181047823055112,-4.22771267290421,-4.274377709083365,-4.321042909660865,-4.367708262328154,-4.41437374529295,-4.46103935190521,-4.507705068102084,-4.554370880765487,-4.601036778755122,-4.6477027544000205,-4.69436880442774,-4.741034924091932,-4.7877010560220485,-4.834367263138531,-4.881033591266836,-4.9276998746059,-4.974366279679954,-5.021032468901903,-5.067699128760651,-5.114365589063447,-5.161032144267586,-5.207698745021578,-5.254364656481791,-5.301032148920809
-1.5172987614914317,-1.4242037007396011,-1.3311657103868877,-1.2381984434774567,-1.1453188105556118,-1.0525477521948126,-0.9599111922267398,-0.8674412125924427,-0.7751774992799065,-0.6831691187396569,-0.5914766954738105,-0.5001750739973321,-0.40935656160437583,-0.31913486140473096,-0.22964981626122002,-0.1410730908004396,-0.053614916232310086,0.03246799528447249,0.11686330310693194,0.1991926752478877,0.2790003652143616,0.3557410974667327,0.4287679434725768,0.4973213009032729,0.5605206405192676,0.6173613314329991,0.666719514879897,0.7073685122655002,0.7380103822679036,0.7573256822829683,0.7640429693842559,0.7570270128901213,0.7353813827098621,0.6985578094936522,0.6464626096474648,0.5795504806180289,0.49889805491255435,0.4062519089969135,0.30404433930151403,0.19536028527695987,0.08381878363900662,-0.026686359931380996,-0.1324253586858999,-0.23039736049358747,-0.31882594203402276,-0.39733771447361854,-0.46673237628392916,-0.5284988926762484,-0.5843310674869757,-0.6358011636664164,-0.6842101365919386,-0.7305597275262132,-0.7755854034320271,-0.8198093346834506,-0.8635927908376317,-0.9071800815493106,-0.9507325375781981,-0.9943536139598855,-1.0381069278006412,-1.0820289940752856,-1.1261381150860408,-1.1704405361264505,-1.2149346824458245,-1.2596140599883796,-1.304469229927412,-1.3494891430325493,-1.3946620323976628,-1.4399760019661505,-1.4854194059111785,-1.5309810846234082,-1.5766505028162467,-1.6224178212712965,-1.668273924069206,-1.714210416443143,-1.7602196037326017,-1.8062944586716876,-1.8524285819837258,-1.8986161596736975,-1.94485191930509,-1.9911310867752277,-2.0374493445636856,-2.0838027920527864,-2.1301879082589887,-2.176601517135188,-2.223040755482676,-2.269503043430796,-2.3159860573901705,-2.3624877053533835,-2.4090061043989603,-2.455539560246126,-2.502086548706279,-2.548645698879726,-2.5952157779520286,-2.6417956774517175,-2.688384400839491,-2.7349810523081888,-2.7815848266815415,-2.828195000308702,-2.874810922860269,-2.921432009939544,-2.96805773642955,-3.014687630505224,-3.0613212682458166,-3.107958268786464,-3.154598289957722,-3.201241024366193,-3.2478861958648824,-3.2945335563885867,-3.3411828831008297,-3.387833975826209,-3.4344866547637642,-3.481140758401838,-3.527796141658329,-3.574452674239217,-3.6211102391024848,-3.667768731081876,-3.7144280557911116,-3.761088128444733,-3.80774887279069,-3.854410220460663,-3.901072109976286,-3.9477344861103476,-3.9943972993613195,-4.0410605052817345,-4.087724063624774,-4.134387938893736,-4.181052098262794,-4.227716512435599,-4.274381157262292,-4.321046006562362,-4.367711043511092,-4.414376243481683,-4.461041595733374,-4.507707083273416,-4.554372690084693,-4.601038404584544,-4.647704215189643,-4.694370113680054,-4.741036101069213,-4.787702116393164,-4.834368209783219,-4.881034447941789,-4.9277006309445825,-4.9743669727629705,-5.0210330773913725,-5.067699694357255,-5.114366108605486,-5.16103256310316,-5.207699173302796,-5.254365109254678,-5.301032514237955
-2.059602696618767,-1.9664222891467074,-1.873278521963001,-1.7801801669687192,-1.6871380923907129,-1.5941657617714462,-1.5012798506646943,-1.4085010082282543,-1.3158547968788874,-1.2233728502898715,-1.1310942983962884,-1.0390675178010285,-0.9473522770286379,-0.8560223582607867,-0.76516875002108,-0.6749035177985089,-0.5853644701116252,-0.4967207432160695,-0.4091794241314363,-0.32299331224284433,-0.23846987474985618,-0.15598136728879286,-0.07597595057259593,0.0010105844453993894,0.07434318941927263,0.14327717468797452,0.20695077676792115,0.26438304634999954,0.3144801049429636,0.35605335937759724,0.38785342396820377,0.4086229766791191,0.4171702895870718,0.4124626259390189,0.3937353454805022,0.3606091088340554,0.31320498087773185,0.25224613991977785,0.17913472441998898,0.09599053233931511,0.005630681975235241,-0.08854621674050508,-0.18282232413244645,-0.2736026940024078,-0.35798180409419017,-0.43423976074968856,-0.5020204910036236,-0.5620992205598467,-0.6158967123398418,-0.6649989647699107,-0.7108425990410154,-0.7545806208661066,-0.7970686095798576,-0.8389073562460989,-0.8805008163906272,-0.9221098668779969,-0.9638953976284375,-1.0059503662558744,-1.0483226323958346,-1.0910307878090348,-1.1340749293608448,-1.1774438877456082,-1.2211200177484771,-1.2650823311422248,-1.3093085128794135,-1.3537761901727814,-1.3984637051255489,-1.4433505600222123,-1.4884176489332783,-1.5336473517614597,-1.5790235415387295,-1.6245315387323482,-1.6701580348488039,-1.7158909999197398,-1.761719583286551,-1.807634013643523,-1.8536255019959282,-1.8996861496636666,-1.9458088624592076,-1.9919872715194757,-2.03821566085895,-2.0844889014572763,-2.1308023915459615,-2.1771520026793367,-2.2235340311406597,-2.2699451542286524,-2.31638239098187,-2.362843066920894,-2.4093247824164923,-2.4558253843224054,-2.502342940542575,-2.548875717232637,-2.5954221583643586,-2.6419808674082845,-2.6885505909144847,-2.7351302037939016,-2.7817186961229883,-2.828315161312797,-2.8749187855005043,-2.9215288380362057,-2.9681446629501145,-3.014765671299559,-3.0613913343041066,-3.108021177185697,-3.154654773641855,-3.2012917408893857,-3.247931735210404,-3.294574447964677,-3.341219602002205,-3.3878669484413453,-3.434516263793952,-3.4811673473606404,-3.5278200189019064,-3.5744741165787346,-3.6211294950446136,-3.667786023732155,-3.714443585454101,-3.7611020749638717,-3.8077613976407103,-3.8544214686370033,-3.9010822116626813,-3.9477435582329137,-3.99440544687987,-4.041067822451149,-4.087730635044587,-4.134393840659722,-4.181057398669529,-4.22772127269035,-4.274385432285859,-4.321049846092449,-4.367714491557727,-4.4143793407159,-4.461044377564857,-4.507709581533874,-4.554374933084641,-4.601040420059766,-4.647706026047087,-4.69437173664853,-4.741037559694107,-4.787703431404535,-4.834369384315867,-4.881035508701303,-4.927701568403813,-4.9743678293354465,-5.021033835282859,-5.067700390512538,-5.114366746406507,-5.161033074621903,-5.2076996908620234,-5.254365673026389,-5.30103294106321
-2.5926950097730908,-2.4994590978797904,-2.406246532637077,-2.313062906027111,-2.2199151478401378,-2.1268118448788025,-2.0337636358706486,-1.940783699799405,-1.847888359380498,-1.7550978262531696,-1.6624371202864845,-1.5699372023238891,-1.4776363678428033,-1.3855819584406073,-1.2938324587468424,-1.2024600580887876,-1.1115537684931518,-1.0212232023986494,-0.9316031230429643,-0.8428588850139603,-0.755192877430081,-0.6688520608751033,-0.5841366417619522,-0.5014098406702883,-0.4211085666063015,-0.34375458547840304,-0.26996544519406235,-0.20046397236221006,-0.13608458165595413,-0.07777396465348711,-0.02658303058539773,0.01635358547481242,0.049854304461732106,0.07274701000486422,0.08394690138723662,0.08255498001888192,0.06797280374938808,0.0400252664840727,-0.0009202872973189743,-0.05385307751186494,-0.11705380934969782,-0.1880901682466105,-0.263910472589543,-0.34108536854007965,-0.41623138632123907,-0.4865660777096324,-0.5504065736368615,-0.6073631204528857,-0.6581257938224632,-0.7039945503337424,-0.7464115096263313,-0.7866582966373704,-0.8257331760663935,-0.8643463194924789,-0.9029681019388591,-0.9418894446480097,-0.9812755829422142,-1.021207778639267,-1.0617133726908443,-1.1027864817011057,-1.1444018161840392,-1.1865236820086378,-1.2291117079578995,-1.272124392797388,-1.315521222652377,-1.359263864234653,-1.403316769846804,-1.4476474151667296,-1.4922263139328171,-1.537026902652267,-1.5820253548371752,-1.6272003622301834,-1.6725329061073837,-1.7180060324340618,-1.7636046386681112,-1.8093152762107867,-1.85512597013786,-1.901026056406632,-1.9470060358964931,-1.9930574441863238,-2.039172735759075,-2.085345181259598,-2.131568776456091,-2.1778381616296545,-2.2241485502157983,-2.2704956656311457,-2.316875685328498,-2.3632851912288637,-2.4097211257768216,-2.456180752954593,-2.502661623670172,-2.5491615450057368,-2.5956785528754556,-2.642210887696768,-2.6887569727276137,-2.735315394764346,-2.7818848869318735,-2.8284643133297815,-2.8750526553265745,-2.921648999318793,-2.9682525257920003,-3.014862499542236,-3.061478260930351,-3.1080992180565428,-3.1547248397555463,-3.2013546493287897,-3.2479882189238003,-3.294625164509043,-3.34126514136266,-3.387907840028769,-3.4345529827039174,-3.4812003199816335,-3.5278496279362646,-3.5745007055394464,-3.6211533722888314,-3.6678074660751188,-3.714462841399406,-3.761119367612926,-3.807776927298404,-3.854435415152952,-3.9010947365075586,-3.9477548064268597,-3.9944155485946613,-4.0410768945738305,-4.087738782498608,-4.134401157793365,-4.181063970183998,-4.227727174518171,-4.274390732475963,-4.321054606376508,-4.367718766402406,-4.414383180659401,-4.461047826389387,-4.507712678665655,-4.554377713707779,-4.60104291849168,-4.6477082707566435,-4.694373748560068,-4.741039367256244,-4.787705062129485,-4.834370842001241,-4.881036821619803,-4.92770273088077,-4.974368886994832,-5.021034780653066,-5.067701245454554,-5.11436752651308,-5.161033699023253,-5.207700311061883,-5.254366370122686,-5.301033429097559
-3.1121738845889113,-3.0189019965170116,-2.925644835605874,-2.832405930402927,-2.739189654206271,-2.6460014269415284,-2.5528479650910003,-2.4597375910071673,-2.3666806155623017,-2.2736898112773822,-2.1807809969484406,-2.087973759469687,-1.9952923441654096,-1.9027667516110007,-1.8104340867514985,-1.7183402151609517,-1.6265417914775666,-1.5351087361605569,-1.4441272482066412,-1.3537034523092666,-1.2639677873598458,-1.1750802462664878,-1.0872365702509146,-1.0006754772431967,-0.9156869538508967,-0.8326215499847038,-0.7519004667224514,-0.6740259997727001,-0.5995915698610897,-0.5292901184909282,-0.46391906850328496,-0.4043793711793263,-0.3516654677600559,-0.30684244467371036,-0.27100651064805464,-0.24522549037986813,-0.2304576202303769,-0.22744969637733017,-0.23661940922434793,-0.2579310369478584,-0.29077816839090115,-0.33389230036032247,-0.3853042109754361,-0.44239830545422076,-0.502113392370536,-0.5613306339831189,-0.6174095709197287,-0.6686932552392458,-0.7147304863713672,-0.7560969428931886,-0.7939510560739039,-0.8295815498122788,-0.8641144236973447,-0.898397575999952,-0.9330018522287754,-0.9682729650669553,-1.0043933028910736,-1.0414355017635568,-1.0794029373186143,-1.1182580674038534,-1.1579412905435476,-1.1983830056731355,-1.2395110344989237,-1.281254983681229,-1.3235486387581596,-1.3663311220430467,-1.4095472950478243,-1.4531477155693042,-1.4970883465235347,-1.541330139660508,-1.5858385694415622,-1.6305831617117637,-1.6755370423815266,-1.720676519197236,-1.7659807022387872,-1.8114311643419976,-1.8570116401072025,-1.9027077608110536,-1.9485068219284192,-1.9943975798020006,-2.0403700740821575,-2.0864154727813546,-2.132525937074,-2.1786945032795155,-2.2249149797687466,-2.271181856817412,-2.317490227688452,-2.3638357194555426,-2.4102144322828227,-2.456622886052632,-2.5030579733862557,-2.5495169182344064,-2.59599723932781,-2.6424967178751286,-2.6890133689790137,-2.7355454163121657,-2.7820912696563935,-2.828649504959875,-2.875218846612952,-2.92179815168146,-2.9683863958683356,-3.014982661006029,-3.06158612390338,-3.1081960463941347,-3.154811766450523,-3.201432690249448,-3.2480582850738062,-3.2946880729747714,-3.341321625094535,-3.3879585565871384,-3.434598522074956,-3.4812412115761133,-3.527886346851711,-3.5745336781632924,-3.6211829813235026,-3.667834055040566,-3.7144867186488106,-3.7611408099525336,-3.8077961832355873,-3.8544527077966357,-3.9011102661574473,-3.9477687529632695,-3.9944280734729944,-4.04108814275916,-4.087748884136751,-4.134410229859715,-4.181072117733593,-4.227734491772221,-4.274397303754158,-4.321060508285033,-4.367724066364606,-4.414387941426649,-4.461052102107372,-4.507716518189151,-4.554381160833887,-4.601046015502277,-4.647711053083249,-4.6943762427954505,-4.741041607156054,-4.787707084085134,-4.834372651690038,-4.881038445863367,-4.927704173556445,-4.974370191672419,-5.0210359618142135,-5.0677022928147535,-5.114368476400959,-5.161034462903656,-5.207701047013381,-5.254367221056243,-5.301033972061796
-3.612941966361284,-3.51964695375207,-3.426361126686481,-3.3330866864312054,-3.239826361492779,-3.146583533750332,-3.053362394680109,-2.960168138811278,-2.867007203215968,-2.773887563886611,-2.6808191023553567,-2.5878140589597898,-2.4948875928616396,-2.4020584733882155,-2.309349932614918,-2.2167907154482167,-2.1244163708953216,-2.0322708367514224,-1.9404083795273288,-1.848895961824145,-1.757816119973759,-1.6672704445540105,-1.577383763549474,-1.4883091295333446,-1.4002337037348538,-1.3133856044089933,-1.228041734719699,-1.1445365128536877,-1.063271276670549,-0.984723905632704,-0.9094578715558321,-0.8381294787489459,-0.7714914802335469,-0.7103905887605724,-0.6557557226963707,-0.6085732984089329,-0.5698457507747654,-0.5405300432718444,-0.5214545167501011,-0.5132151895574838,-0.5160565362251355,-0.5297468078742028,-0.5534647084431792,-0.5857246345886749,-0.6243837626648555,-0.6667909161508853,-0.7101288131399149,-0.7519249818564108,-0.7905630751743629,-0.8255382364548804,-0.8573186456560058,-0.8869309506526868,-0.9155231652812722,-0.9440791902912277,-0.9733086720641972,-1.0036525055208936,-1.0353380507612615,-1.068442728477922,-1.1029479953688222,-1.1387792482103685,-1.1758330018694159,-1.2139943289198254,-1.253147458018687,-1.2931818137448885,-1.3339951343326957,-1.3754947800412973,-1.4175979634790437,-1.4602313704390217,-1.5033304646805918,-1.5468386559260636,-1.5907064371598942,-1.634890551118519,-1.6793532171712249,-1.7240614323436132,-1.76898634992568,-1.814102733281901,-1.8593884794344302,-1.904824205633133,-1.950392891767171,-1.9960795716788344,-2.0418710669426807,-2.087755757308314,-2.133723382676585,-2.179764872131728,-2.2258721961571295,-2.272038238707073,-2.3182566862873086,-2.3645219316154495,-2.41082898979255,-2.457173425225613,-2.503551287803496,-2.5499590570515185,-2.5963935931791315,-2.6428520940944056,-2.6893320575945534,-2.735831248055458,-2.7823476670400753,-2.828879527327043,-2.875425229930454,-2.9219833437407625,-2.9685525874653935,-3.0151318135936287,-3.0617199941425026,-3.108316207975701,-3.1549196295088455,-3.2015295186488117,-3.2481452118138336,-3.294766113928155,-3.3413916912674426,-3.3880214650701146,-3.4346550058197862,-3.4812919281429227,-3.527931886229972,-3.5745745697621434,-3.621219700238865,-3.6678670276707046,-3.71451632769145,-3.7611673989114704,-3.8078200604735084,-3.8544741501281634,-3.9011295220839264,-3.947786045628134,-3.994443603158315,-4.041102089271937,-4.087761408932966,-4.13442147796282,-4.181082219448059,-4.227743564041749,-4.274405451084464,-4.321067825695326,-4.3677306373828655,-4.414393843832576,-4.461057402927234,-4.507721278020129,-4.5543854343118095,-4.601049854373306,-4.64771450152511,-4.6943793353974055,-4.741044382910887,-4.787709590407353,-4.834374899082238,-4.8810404543754755,-4.92770596630104,-4.97437179986101,-5.021037439646703,-5.067703573285305,-5.114369627720538,-5.161035404397139,-5.20770191261876,-5.254368237363409,-5.301034559090698
-4.090639962101548,-3.9973303148267267,-3.9040263455017787,-3.8107294150110085,-3.717441210297375,-3.624163822421083,-3.5308998432732923,-3.4376524853819235,-3.3444257302989238,-3.251224512343038,-3.1580549460569833,-3.064924607679773,-2.9718428833058463,-2.8788213992944973,-2.7858745539969134,-2.6930201740921174,-2.6002803238767283,-2.50768230183761,-2.4152598658301594,-2.3230547362086744,-2.231118435225301,-2.139514530663483,-2.048321361428157,-1.9576353316269932,-1.8675748657503444,-1.7782851179959023,-1.689943519097244,-1.6027662175011386,-1.517015418766027,-1.4330075343772417,-1.3511219015527807,-1.2718096082864538,-1.195601630804622,-1.1231150458239918,-1.055055513596884,-0.9922135657281757,-0.9354515508933691,-0.8856775402082953,-0.8438023020462508,-0.8106759210629366,-0.7870020852003136,-0.77323084096638,-0.7694352222368509,-0.7751846842305826,-0.7894408486191117,-0.8105205284658613,-0.8361919715252577,-0.8639670445865303,-0.8915800428299081,-0.9174977610663553,-0.9412028844408782,-0.9630940544895266,-0.984100456817551,-1.005259345813874,-1.0274369730099557,-1.051222982953712,-1.0769405394140328,-1.104705710686736,-1.1344940382377244,-1.166196095139729,-1.1996578018094055,-1.2347072037762679,-1.2711710339660496,-1.3088842085039896,-1.347694705574913,-1.387465563425678,-1.428075163044034,-1.469416549468121,-1.511396264779013,-1.5539329805923736,-1.596956098672138,-1.6404044131590134,-1.6842248815297085,-1.728371523484586,-1.7728044507270793,-1.817489021653428,-1.8623951104965295,-1.9074964786714637,-1.9527702358254104,-1.998196378700721,-2.043757396948322,-2.089437936223143,-2.1352245101058327,-2.181105253544699,-2.227069711558871,-2.2731086578727204,-2.319213938961575,-2.365378339686288,-2.411595467289515,-2.457859651031576,-2.5041658551701054,-2.5505096033464785,-2.5968869127436536,-2.6432942366325136,-2.68972841413638,-2.7361866262205137,-2.7826663570630363,-2.82916536008851,-2.8756816280508417,-2.922213366641039,-2.9687589711686972,-3.015317005932216,-3.061886185941689,-3.1084653607094856,-3.1550534998538486,-3.201649680306995,-3.2482530749280074,-3.294862942368174,-3.341478618035938,-3.388099506044656,-3.4347250720084093,-3.4813548366359517,-3.5279883699842447,-3.5746252863356736,-3.6212652396168594,-3.667907919277365,-3.714553046618079,-3.761200371531195,-3.807849669501758,-3.854500739076644,-3.901153399309417,-3.9478074879764455,-3.9944628591143276,-4.041119381891041,-4.0877769385488305,-4.134435424368743,-4.181094744265049,-4.227754812446136,-4.274415552673703,-4.321076898210625,-4.367738784480437,-4.414401161611088,-4.461063974542885,-4.5077271787644815,-4.554390732504243,-4.601054612748343,-4.647718775271352,-4.694383170764725,-4.741047823362141,-4.787712695579051,-4.8343776904142075,-4.881042937724864,-4.927708198103821,-4.97437378246693,-5.021039289094878,-5.067705138712429,-5.114371019675114,-5.161036583206974,-5.207702929304073,-5.25436941058916,-5.301035187163698
-4.543623776772747,-4.450305049556582,-4.3569898238251215,-4.263678938892656,-4.17037343521005,-4.077074602541053,-3.9837840396652413,-3.8905037283536386,-3.7972361250230735,-3.703984274274037,-3.610751949510719,-3.5175438270630845,-3.424365701727869,-3.3312247534854356,-3.2381298773935505,-3.145092091393794,-3.0521250400807927,-2.959245616475689,-2.866474728617593,-2.773838243431145,-2.6813681469155104,-2.5891039672411815,-2.497094515745313,-2.4054000098129618,-2.3140946506504716,-2.223269736960271,-2.133037400749259,-2.0435350511030883,-1.9549306013315018,-1.8674285278554053,-1.7812767560863894,-1.6967742762485063,-1.6142792434266984,-1.5342170900963228,-1.4570878530096552,-1.3834714692329118,-1.3140292194746332,-1.2494988076054898,-1.1906798262194573,-1.1384057013886788,-1.0934978614261877,-1.0566981840308336,-1.0285772822730757,-1.0094197975423502,-0.9990952009011866,-0.9969362299159678,-1.001669013883392,-1.011463842663447,-1.0241778970035456,-1.0377952745220365,-1.0509242733896085,-1.0630973725006927,-1.0747023572445213,-1.0866225825377054,-1.0998275699956486,-1.1150995627223934,-1.1329324696325564,-1.1535475139784488,-1.176958310364548,-1.2030421383684788,-1.2315986971444646,-1.2623921593328158,-1.2951785470933166,-1.3297221173942702,-1.3658042154572758,-1.403227274087812,-1.4418158479291707,-1.48141594274166,-1.5218934469483494,-1.563132164417395,-1.6050317450524314,-1.6475056804440678,-1.6904794512149146,-1.7338888637548417,-1.7776785853419548,-1.8218008706450444,-1.8662144644280305,-1.9108836618094132,-1.955777506702244,-2.0008691098469504,-2.046135069399659,-2.0915549789029293,-2.137111009383679,-2.1827875541519024,-2.2285709265424423,-2.27444910232254,-2.3204114997766685,-2.3664487915873105,-2.412552743572426,-2.4587160761366462,-2.5049323449627265,-2.5511958380309605,-2.597501486523433,-2.6438447875612376,-2.690221737049872,-2.7366287711796162,-2.7830627153553813,-2.8295207395195288,-2.8760003189895316,-2.9224992000649612,-2.969015369768367,-3.0155470291793813,-3.0620925698960653,-3.1086505532296105,-3.15521969178453,-3.2017988331358502,-3.2483869453421783,-3.29498310407678,-3.3415864811856735,-3.388196334510522,-3.4348119987957904,-3.481432877622562,-3.5280584361849083,-3.5746881948387634,-3.621321723371624,-3.667958635859339,-3.714598586010004,-3.761241263124271,-3.8078863884140177,-3.854533711686252,-3.901183008327859,-3.9478340769283036,-3.9944867363488332,-4.041140824168792,-4.087796194483867,-4.134452716876938,-4.181110273795259,-4.227768759227905,-4.274428077587476,-4.321088146918724,-4.367748885991628,-4.414410234088329,-4.461072121562158,-4.507734494108794,-4.5543973017375485,-4.601060511136436,-4.647724071829165,-4.694387928734985,-4.741052089532561,-4.787716539982853,-4.834381156070463,-4.881046010207529,-4.927710981952148,-4.974376232095402,-5.021041597521735,-5.067707061975457,-5.114372709845304,-5.161038096739022,-5.207704146954759,-5.254370704175313,-5.301035900188038
-4.973875703260415,-4.88055142635681,-4.787229320588046,-4.693909906415559,-4.600593829041348,-4.507281888299124,-4.413975075699745,-4.320674620335624,-4.227382045775883,-4.134099240558567,-4.040828545529035,-3.947572862029536,-3.8543357858939147,-3.761121773359972,-3.6679363464438026,-3.5747863470665067,-3.4816802513609657,-3.3886285581894775,-3.2956442690511105,-3.202743480352567,-3.1099461135453117,-3.0172768139839246,-2.9247660555968644,-2.832451495580939,-2.7403796312393114,-2.6486078194973546,-2.55720672797677,-2.466263293743477,-2.375884270203095,-2.2862004412529404,-2.1973715702916707,-2.1095921234017054,-2.0230977513252006,-1.938172420291237,-1.855155929339935,-1.7744513189191515,-1.6965313361850416,-1.621942650965915,-1.5513058955038814,-1.4853088366484877,-1.4246891342377175,-1.3702023338031888,-1.3225702793722967,-1.2824055865278359,-1.250110277188819,-1.2257531156124744,-1.2089435993715314,-1.1987434026086181,-1.193683612407291,-1.1919637035510542,-1.191849707178615,-1.1921479294031014,-1.1925080563441506,-1.1933746420970768,-1.1956468801194768,-1.2002791641403792,-1.2080117183855865,-1.219273727614564,-1.234205285603814,-1.2527297735031286,-1.274631804712646,-1.299621093579249,-1.3273778821265168,-1.3575821827291163,-1.3899309007803102,-1.4241466630024249,-1.4599813260917653,-1.4972162714629575,-1.5356608929123137,-1.5751501772072336,-1.6155419307783003,-1.656713977233337,-1.6985615043427804,-1.7409946483234005,-1.7839363485246562,-1.827320473997162,-1.871090206283801,-1.9151966545189834,-1.9595976759607927,-2.0042568751478163,-2.0491427565593825,-2.094228008107825,-2.1394888954972524,-2.1849047501576173,-2.2304575359537173,-2.276131482106336,-2.3219127717256187,-2.367789277050728,-2.413750333934759,-2.4597865493362514,-2.505889636606106,-2.5520522742189944,-2.5982679843159593,-2.6445310280223344,-2.6908363150022425,-2.7371793251232135,-2.7835560404478183,-2.8299628860537904,-2.8763966784208392,-2.9228545803196284,-2.9693340613027774,-3.0158328630343387,-3.0623489688077252,-3.1088805767023557,-3.1554260759022856,-3.2019840257740357,-3.2485531373584178,-3.2951322569679937,-3.34172035164453,-3.38831649625068,-3.434919861968131,-3.48152970610342,-3.528145362986877,-3.5747662358393626,-3.6213917895757546,-3.668021544369062,-3.7146550697779657,-3.7612919796939486,-3.8079319277987054,-3.854574603276668,-3.901219727242021,-3.947867049517386,-3.9945163453370855,-4.041167413040411,-4.087820071796583,-4.134474159098246,-4.181129529498572,-4.227786052071986,-4.2744436075803325,-4.321102093923885,-4.367761411164911,-4.414421481972373,-4.461082221841181,-4.507743563897622,-4.55440544803763,-4.601067823824338,-4.6477306370522635,-4.6943938329094195,-4.7410573833943515,-4.787721296366881,-4.834385453309229,-4.8810498197410235,-4.927714457486348,-4.974379275880641,-5.02104445672955,-5.067709456754955,-5.114374799879155,-5.161040095015157,-5.207705689066369,-5.25437207542782,-5.301036871085178
-5.3859012447416985,-5.292573584399339,-5.199247284091997,-5.105922669857544,-5.012600145885031,-4.919280213243794,-4.82596349309891,-4.732650755486769,-4.6393429549706156,-4.54604127484091,-4.452747181885829,-4.359462494248091,-4.266189465501083,-4.172930888796457,-4.079690225839721,-3.986471766587903,-3.8932808269179175,-3.8001239931991178,-3.707009424760217,-3.6139472277273272,-3.520949916738297,-3.42803298466178,-3.3352156047824066,-3.242521495012915,-3.1499799796198933,-3.057627290681758,-2.9655081589222463,-2.8736777513643745,-2.7822040208217085,-2.6911705384780453,-2.6006798838525453,-2.51085766331396,-2.4218572143411787,-2.3338650208955394,-2.247106805267514,-2.1618541589741858,-2.0784314097942445,-1.99722216805263,-1.9186746218597501,-1.843304125542942,-1.7716909227196713,-1.704469967158046,-1.6423088197351812,-1.585868724355366,-1.5357437177752875,-1.4923741097776955,-1.4559359725662462,-1.426220660768429,-1.402540760948673,-1.3837274102127786,-1.3682955040134173,-1.3548024922439759,-1.3422923508888145,-1.3305902422411124,-1.3202629427708712,-1.3122900411456089,-1.307669405089316,-1.3071486757551618,-1.3111308743021637,-1.3197024659130063,-1.332714122513001,-1.3498671643957818,-1.3707845847225535,-1.3950617424240064,-1.422299034528502,-1.4521209419374133,-1.4841856712616208,-1.518188727519386,-1.5538628093916746,-1.5909756424648547,-1.62932679295162,-1.6687441065106294,-1.709080151498108,-1.7502088746944948,-1.7920225702596064,-1.834429197728142,-1.8773500472880211,-1.9207177303157323,-1.9644744635422602,-2.008570611997158,-2.052963456295024,-2.0976161521815135,-2.142496853503023,-2.187577973288263,-2.2328355610821924,-2.278248777870366,-2.3237994527929002,-2.3694717083491095,-2.415251642947034,-2.461127061484303,-2.507087246192727,-2.5531227612760743,-2.5992252859532967,-2.6453874714212535,-2.691602817999733,-2.737865569342755,-2.784170621115021,-2.830513441958956,-2.8768900049309796,-2.9232967278786854,-2.9697304214750315,-3.0161882438248875,-3.0626676607299625,-3.1091664108378163,-3.1556824750169965,-3.202214049393561,-3.248759521581978,-3.2953174496830697,-3.3418865437171137,-3.388465649180771,-3.4350537324544375,-3.4816498678634247,-3.528253226175566,-3.5748630643370265,-3.62147871638756,-3.668099585370616,-3.714725135987203,-3.761354888202789,-3.807988411576957,-3.8546253198620244,-3.901265266650814,-3.947907941062861,-3.994553064175928,-4.041200385592132,-4.087849680991104,-4.134500748066151,-4.181153406480035,-4.227807494347817,-4.2744628641105615,-4.321119386636122,-4.367776941828155,-4.414435427206847,-4.461094744592558,-4.507754810473122,-4.554415551232658,-4.6010768926691545,-4.647738778310212,-4.694401159205556,-4.741063957478913,-4.787727181213995,-4.834390768645652,-4.881054561150447,-4.9277187854503985,-4.974383091173787,-5.021047951053811,-5.067712502523361,-5.114377474798634,-5.161042760308613,-5.207707808143973,-5.254373587515767,-5.301038493589942
-5.784741200982678,-5.691411459461602,-5.5980825790478,-5.504754766176048,-5.411428276766751,-5.318103428090879,-5.224780613465446,-5.131460320480998,-5.038143153590375,-4.944829862105064,-4.851521374898463,-4.758218843402643,-4.664923694899725,-4.571637698545602,-4.478363047161903,-4.385102458551679,-4.291859300963025,-4.198637748418107,-4.105442972954903,-4.012281382451774,-3.919160914695124,-3.826091400758427,-3.7330850136727225,-3.6401568218592475,-3.5473254709445508,-3.4546140224411146,-3.3620509833910477,-3.269671567384111,-3.1775192342190985,-3.085647562502685,-2.9941225159652576,-2.903025168968722,-2.8124549575095052,-2.722533515637909,-2.6334091384164364,-2.5452618734225028,-2.4583091716902103,-2.3728119091439464,-2.289080397867036,-2.2074797125622316,-2.1284332243633326,-2.0524226232118923,-1.9799818956862696,-1.9116817300129672,-1.8480997931415384,-1.789771703807674,-1.7371183362342701,-1.6903493832219676,-1.6493541966689393,-1.6136120093032034,-1.5821817560843443,-1.5538455351917226,-1.527435487167627,-1.5022478681977407,-1.4783222906106135,-1.4564015414798022,-1.437605797173849,-1.4230365103040559,-1.4135036968779484,-1.4094303748453174,-1.4108848753321876,-1.4176698840790627,-1.4294185717925543,-1.4456746412094796,-1.4659503021446356,-1.4897642055640858,-1.5166639054984636,-1.5462374360453874,-1.5781177339722767,-1.6119826481114556,-1.6475524271697977,-1.6845859307052302,-1.7228763471050945,-1.762246888176208,-1.8025467230542753,-1.8436472822315282,-1.885438981318278,-1.9278283663865732,-1.9707356564535132,-2.0140926458163713,-2.0578409242592475,-2.1019303731912498,-2.146317898383102,-2.1909663638028216,-2.235843695308376,-2.280922127174776,-2.326177568368519,-2.3715890690187935,-2.417138370635789,-2.462809526299565,-2.5085885793194707,-2.5544632907859204,-2.6004229080477903,-2.6464579674943964,-2.6925601261394245,-2.7387220174332874,-2.784937127499039,-2.8311996886238715,-2.8775045873645126,-2.923847285060059,-2.970223748907526,-3.016630392050668,-3.063064021384471,-3.1095217919773326,-3.1560011671915715,-3.202499883711668,-3.2490159208278784,-3.2955474733974257,-3.3420929280113,-3.388650841944936,-3.4352199245617556,-3.481799020821235,-3.52838709667913,-3.5749832261126047,-3.621586579594232,-3.668196413862319,-3.71481206278868,-3.7614329292260167,-3.8080584778172795,-3.854688228407253,-3.901321750469355,-3.9479586576093095,-3.9945986035065792,-4.041241277225874,-4.087886400074904,-4.134533720916112,-4.18118301547382,-4.227834082854543,-4.27448674181721,-4.321140828234795,-4.367796198984861,-4.414452718096986,-4.4611102730159935,-4.507768758235851,-4.554428080863082,-4.601088142920863,-4.647748879906603,-4.694410243297809,-4.741072121060992,-4.787734475122068,-4.834397327806784,-4.88106048234071,-4.927724131479559,-4.974387901967691,-5.021052170821652,-5.0677164329621025,-5.114381004358204,-5.161046183144677,-5.207710839745781,-5.254375640887711,-5.301041265546011
-6.174637543436277,-6.0813065042181185,-5.987976015002878,-5.894646207632572,-5.801317245589575,-5.707989331511487,-5.614662716630347,-5.521337712391087,-5.428014704890876,-5.334694172774435,-5.24137670938961,-5.148063050282939,-5.054754107248436,-4.961451010533427,-4.868155161138513,-4.774868295601521,-4.681592566263211,-4.588330640665934,-4.495085824634747,-4.401862214631529,-4.308664886275327,-4.215500127502198,-4.122375726776071,-4.029301329086801,-3.9362888752903853,-3.8433531436961097,-3.750512416765659,-3.657789300394356,-3.5652117284840195,-3.4728141913084976,-3.380639232267466,-3.2887392635428463,-3.1971787560245355,-3.1060368611437355,-3.0154105194480394,-2.925418098894975,-2.836203578745668,-2.747941243215067,-2.6608407587703176,-2.5751523601666344,-2.4911716353426416,-2.4092430422595794,-2.3297607699029435,-2.25316483394034,-2.179929372551581,-2.1105390841758753,-2.045448994123845,-1.9850231801731821,-1.929451664117304,-1.8786546028243494,-1.8322024591674126,-1.7893076543913222,-1.7489576783432668,-1.7102201386717417,-1.6726319268955958,-1.636461577743017,-1.6026628082979006,-1.5725450304699335,-1.547369158115958,-1.528064436842947,-1.5151261709216086,-1.5086483133886028,-1.5084188729503514,-1.5140256902614215,-1.5249467437383717,-1.5406172686913766,-1.5604749302302945,-1.5839874816771005,-1.6106677192014403,-1.6400798328789112,-1.6718402819410811,-1.7056154248038002,-1.7411174169310197,-1.7780993578027622,-1.8163502933339326,-1.8556904257666849,-1.8959667164030811,-1.937048961175154,-1.978826355214334,-2.0212045261256626,-2.0641029967670357,-2.107453030330637,-2.151195809025409,-2.1952808998219404,-2.2396649647496916,-2.2843106780310167,-2.3291858172488564,-2.3742625004155284,-2.4195165450589458,-2.464926929198747,-2.5104753373415045,-2.5561457774082306,-2.60192425686411,-2.647798508300332,-2.6937577563719106,-2.739792519372532,-2.7858944398693515,-2.8320561397669195,-2.8782710959518343,-2.9245335333160174,-2.9708383324903704,-3.0171809500623805,-3.0635573494169517,-3.109963940637237,-3.1563975281596344,-3.202855265078335,-3.249334613166136,-3.295833307833397,-3.3423493273440674,-3.3888808657227476,-3.4354263089015946,-3.4819842136226025,-3.528553288806695,-3.575132379080915,-3.6217204501177975,-3.6683165756363723,-3.7149199259782804,-3.7615297577532227,-3.8081454046460723,-3.854766269453298,-3.9013918167165293,-3.948021566177262,-3.9946550873399076,-4.041291993976279,-4.087931939414295,-4.134574612807272,-4.1812197347864375,-4.227867055000166,-4.274516350473443,-4.321167416125624,-4.367820076135615,-4.414474160303382,-4.461129530879392,-4.507786055208712,-4.554443614241732,-4.601102097643337,-4.647761415136681,-4.694421491757912,-4.7410822393521785,-4.787743545321595,-4.834405434022909,-4.881067856536818,-4.927730673803349,-4.974393910599012,-5.021057321317512,-5.067721398087373,-5.11438556482561,-5.161050167184469,-5.207714824357065,-5.25437900246202,-5.301045052470462
-6.558668619515041,-6.465336760720286,-6.372005255412536,-6.2786741883903705,-6.1853436646745195,-6.092013814554542,-5.998684799491088,-5.9053568196728685,-5.812030123286048,-5.71870501798953,-5.625381885183429,-5.532061197676317,-5.438743541598682,-5.345429643520025,-5.2521204040923255,-5.15881693973551,-5.065520634260971,-4.972233202847118,-4.878956771265773,-4.785693973991811,-4.692448075652735,-4.599223121327882,-4.506024122456728,-4.4128572866799365,-4.3197303017904725,-4.226652686243797,-4.13363622136782,-4.040695483611282,-3.9478484988962346,-3.8551175454080626,-3.762530135902954,-3.670120215663876,-3.577929617233834,-3.486009817320392,-3.394424043624512,-3.3032497778404415,-3.2125816925317148,-3.1225350390055953,-3.0332494629510096,-2.9448931527932363,-2.857667105257577,-2.7718090990968087,-2.6875966684329025,-2.6053479214870134,-2.5254184192736506,-2.4481914994443335,-2.374058482772192,-2.3033844535638996,-2.2364556063886707,-2.1734073065749118,-2.114141073473912,-2.0582568438376043,-2.005052101976749,-1.9536535237704584,-1.9033102664420345,-1.853766095195962,-1.805508068931179,-1.7597127443022775,-1.7179096159253318,-1.6815641340342047,-1.651778088824804,-1.6291739907798892,-1.6139220035390127,-1.605837624579564,-1.6044952297166168,-1.60932865202428,-1.6197087042059346,-1.6349974403350958,-1.6545829568574744,-1.6778994690799247,-1.7044369997116662,-1.7337441708243735,-1.7654267062188584,-1.7991434875370322,-1.8346014077637494,-1.8715498223902074,-1.909775085199352,-1.9490954426232447,-1.989356421108517,-2.030426754208809,-2.072194843726288,-2.1145657201836254,-2.157458453826935,-2.2008039625127225,-2.244543163411733,-2.288625419004608,-2.3330072327963216,-2.377651155594759,-2.422524868536613,-2.467600414007131,-2.512853550052575,-2.558263207783145,-2.603811034621865,-2.6494810091109566,-2.6952591153963366,-2.741133067528023,-2.787092075396615,-2.8331266455228024,-2.8792284110746755,-2.9253899864451713,-2.9716048425113546,-3.0178671993535975,-3.0641719337472226,-3.110514499189013,-3.1568908565822578,-3.2032974140202737,-3.249730974339175,-3.2961886893480155,-3.34266801978774,-3.3891667002387926,-3.4356827082923953,-3.482214237442266,-3.528759673176579,-3.57531757189578,-3.6218866422554634,-3.668465728629721,-3.715053796513732,-3.7616499195318114,-3.808253267819323,-3.854863097933124,-3.901478743474262,-3.9480996072807484,-3.9947251536899087,-4.041354902560932,-4.087988422897214,-4.134625329240999,-4.18126527451395,-4.227907946995878,-4.274553068420931,-4.32120038918974,-4.367849683218567,-4.4145007519293324,-4.461153411374066,-4.507807498556838,-4.554462865256857,-4.601119392645542,-4.647776952022232,-4.694435419747535,-4.74109475039153,-4.787754828519427,-4.834415526786184,-4.881076937188948,-4.927738730073439,-4.974401221592644,-5.021063877157789,-5.067727297494423,-5.114390932701202,-5.161054516721297,-5.207719074186456,-5.254383717055853,-5.301048360578657
-6.938907384190192,-6.845575002647958,-6.752242849273114,-6.6589109788084215,-6.56557945904219,-6.4722483740765355,-6.378917828128977,-6.2855879504291785,-6.1922589011720115,-6.098930878963569,-6.0056041299983915,-5.912278959490745,-5.818955745806284,-5.725634957977179,-5.6323171774343095,-5.539003124918614,-5.445693693825772,-5.352389991536393,-5.25909339060238,-5.165805592152225,-5.0725287043977,-4.979265339830988,-4.88601873549743,-4.7927929017754956,-4.699592806308196,-4.606424601243588,-4.513295903741192,-4.420216141865425,-4.327196980540842,-4.234252845230687,-4.141401564410076,-4.048665155698298,-3.9560707845451892,-3.86365192833333,-3.7714497821103485,-3.6795149439257275,-3.5879094162883467,-3.4967089529344224,-3.406005762680099,-3.3159115480575307,-3.2265607956564004,-3.138114132653556,-3.0507613983393385,-2.964723820991652,-2.880254302313774,-2.7976342565119863,-2.7171647144404734,-2.6391485544266144,-2.5638600523244177,-2.4914982403827626,-2.422123523779581,-2.35558550631045,-2.2914670348060264,-2.2290932016767973,-2.167667187199654,-2.106559934455864,-2.0456735040352076,-1.9856819920701614,-1.9279732631176771,-1.8743059037604526,-1.8263779892673513,-1.78550703974459,-1.7524948164559553,-1.7276415510596281,-1.7108397769394343,-1.7016915534961774,-1.6996175033875218,-1.7039447996790893,-1.7139717898970528,-1.7290117797198674,-1.7484201560395363,-1.7716091334387396,-1.7980538503844263,-1.8272927771879053,-1.8589246468462228,-1.8926034761796848,-1.9280327356772782,-1.9649593464761566,-2.0031679121021195,-2.0424754074634155,-2.082726426140946,-2.12378901094821,-2.165551047843026,-2.207917179080834,-2.250806180565278,-2.2941487455593794,-2.337885618852564,-2.3819660299177583,-2.4263463791450066,-2.4709891370619346,-2.515861922065431,-2.560936727342702,-2.606189272244153,-2.651598457362373,-2.6971459059947027,-2.74281557756998,-2.7885934410627247,-2.834467198460127,-2.8804260500469887,-2.9264604946842425,-2.9725621594250033,-3.0187236537749014,-3.0649384447010797,-3.111200749153366,-3.1575054413993535,-3.203847972923093,-3.250224303016425,-3.2966308384743943,-3.3430643810923657,-3.3895220818476868,-3.436001400804319,-3.4825000720014283,-3.529016072606701,-3.575547595748911,-3.6220930266368776,-3.668650921476362,-3.715219988691691,-3.7617990724963364,-3.8083871383386856,-3.8549832596786184,-3.9015866066457794,-3.9481964357062074,-3.9948120804056066,-4.041432943334672,-4.088058489204295,-4.134688237375618,-4.181321757716626,-4.227958664214186,-4.2745986084230925,-4.321241282242097,-4.367886402444591,-4.4145337245266045,-4.461183017502559,-4.507834081490333,-4.554486737807375,-4.601140823500272,-4.647796193076648,-4.694452713567507,-4.741110258360421,-4.787768774735549,-4.834428109231388,-4.881088106112497,-4.927748879510487,-4.97441014708463,-5.0210722322945065,-5.067734332726791,-5.114397105676359,-5.161060253811628,-5.2077236381933165,-5.254388039832969,-5.301051262892471
-7.316703731733235,-7.223371014430707,-7.130038444895879,-7.0367060584730075,-6.943373899034029,-6.850042021048641,-6.756710491955871,-6.663379395434217,-6.570048835155625,-6.4767189396808345,-6.3833898683739045,-6.290061818815845,-6.196735035916877,-6.103409823300954,-6.010086557358476,-5.916765704651875,-5.823447843543065,-5.7301336909354745,-5.636824135431068,-5.543520278407665,-5.450223484882647,-5.356935446498003,-5.263658259488595,-5.170394521159008,-5.07714744920784,-4.983921029231786,-4.890720196926354,-4.797551062949438,-4.704421190130253,-4.611339934727834,-4.518318865807489,-4.425372279476678,-4.332517827676394,-4.239777284313568,-4.147177474478771,-4.05475139482957,-3.9625395540734547,-3.8705915604263597,-3.7789679756331567,-3.6877424389050746,-3.597004033172576,-3.5068598114920433,-3.4174373099816404,-3.328886726013369,-3.2413822099787635,-3.1551213724402554,-3.070321612170547,-2.9872112122452616,-2.90601239806223,-2.8269129812923044,-2.750023575968517,-2.6753202803844287,-2.6025809036996272,-2.5313391069888067,-2.460903334487658,-2.3904995438917824,-2.3195626578660913,-2.248097974512981,-2.176920725649095,-2.107598429880047,-2.042105250486009,-1.9823787795162744,-1.929978961408951,-1.8859292189378483,-1.8507113437127716,-1.8243481887952622,-1.8065184078743932,-1.7966699150899492,-1.7941165829086827,-1.79811332563991,-1.8079101488816778,-1.8227881523997091,-1.8420812452125477,-1.8651872511385386,-1.891571596129584,-1.920766135902711,-1.9523650525387806,-1.9860191976041326,-2.0214298154336428,-2.058342243987148,-2.096539948586979,-2.1358390772698264,-2.1760836169617437,-2.2171411612620533,-2.2588992606405545,-2.301262304824659,-2.3441488782695865,-2.387489528150287,-2.431224887125435,-2.475304098145955,-2.519683494523229,-2.5643254945593172,-2.6091976758353965,-2.654271999532035,-2.699524159824937,-2.7449330374523506,-2.790480240015585,-2.836149714508266,-2.8819274200343403,-2.92780105073278,-2.9737598006387125,-3.019794163629524,-3.065895762780109,-3.1120572044157973,-3.158271952960223,-3.2045342233265353,-3.2508388881489143,-3.297181397605046,-3.3435577099367384,-3.389964231091185,-3.4363977621953543,-3.4828554536758913,-3.5293347651589726,-3.5758334303424033,-3.6223494260996043,-3.668880945317394,-3.715426373063618,-3.7619842653754985,-3.80855333055296,-3.855132412749694,-3.901720477283393,-3.9483165974756886,-3.9949199435635756,-4.041529771973673,-4.088145416254019,-4.134766278875213,-4.181391824050864,-4.228021571759705,-4.2746550927208675,-4.321291997112717,-4.367931943697383,-4.414574613280503,-4.461219735413576,-4.507867058221349,-4.554516356235945,-4.601167419795804,-4.647820075295499,-4.694474175004206,-4.741129547932869,-4.787786029673189,-4.834443599095652,-4.881102111464335,-4.92776146228516,-4.974421527904417,-5.021082172548342,-5.067743649582511,-5.114405522239505,-5.161068157845152,-5.207730869607734,-5.254393368266554,-5.3010578944389
-7.692926225979645,-7.599593292114287,-7.506260454085207,-7.412927734785674,-7.319595162671485,-7.226262773089836,-7.132930609747749,-7.039598726904873,-6.94626719180484,-6.852936087808807,-6.759605518257632,-6.666275611288519,-6.572946525714752,-6.479618458433585,-6.386291653536621,-6.292966413586671,-6.1996431136642185,-6.106322218697341,-6.013004304983233,-5.919690086831078,-5.826380449569375,-5.733076490419262,-5.6397795691013455,-5.546491370470602,-5.453213982005076,-5.359949989631266,-5.266702596136608,-5.173475767393975,-5.080274412745174,-4.987104607253007,-4.893973865123936,-4.800891475430563,-4.707868913325083,-4.61492034216304,-4.52206322421153,-4.429319059648772,-4.336714274897726,-4.244281281183984,-4.152059721256881,-4.060097914331676,-3.968454493128862,-3.8772001971344463,-3.7864197348011186,-3.6962135422538083,-3.606699129587022,-3.518011493874105,-3.430301760369205,-3.34373276017678,-3.2584696554805728,-3.1746630512319767,-3.092421558606066,-3.0117712274512374,-2.932602197966957,-2.8546109516743017,-2.7772623297199366,-2.6998170780092092,-2.621481931592031,-2.5417055638006674,-2.4605425643675622,-2.3788968634070664,-2.2984700839185335,-2.2214189368002617,-2.1499053201982834,-2.0857373908742125,-2.0301864519931043,-1.9839580647587072,-1.9472566834767966,-1.9198905254234873,-1.9013833138112093,-1.8910757105403033,-1.8882091535928056,-1.8919902947536986,-1.9016371718718608,-1.916409721309106,-1.9356277944209277,-1.9586798195316086,-1.9850248913397726,-2.014190557886984,-2.0457680392538373,-2.0794061275840146,-2.1148046190797034,-2.151707821931857,-2.1898984611550216,-2.2291921469772595,-2.269432471742513,-2.310486736863789,-2.352242274590031,-2.394603310384708,-2.4374883041662794,-2.4808277080770913,-2.5245620818311023,-2.5686405120925877,-2.6130192885342347,-2.6576607954816165,-2.702532583962033,-2.747606594332832,-2.7928585043911776,-2.838267181958049,-2.883814224422822,-2.9294835706886837,-2.9752611734375947,-3.0211347217025253,-3.0670934054519106,-3.113127715321378,-3.159229271796798,-3.2053906791350553,-3.2516054001054573,-3.297867648294513,-3.3441722952738564,-3.3905147903748296,-3.43689109114736,-3.4832976029987868,-3.529731126613139,-3.5761888120542538,-3.622668118673129,-3.669166779953334,-3.7156827725495702,-3.762214289216465,-3.808759714902256,-3.8553176055314324,-3.901886669344389,-3.948465750561352,-3.99505381423548,-4.041649933748443,-4.088253279121848,-4.134863106984099,-4.18147875105295,-4.2280996136430185,-4.274725157893305,-4.321354906977097,-4.367988424889727,-4.41462533355319,-4.4612652778237,-4.5079079481165785,-4.554553065862864,-4.601200389784854,-4.647849686737847,-4.694500738732731,-4.741153394754556,-4.787807520692605,-4.8344628722072835,-4.881119375280313,-4.927776889273831,-4.97443539048351,-5.0210947823192855,-5.067754749623407,-5.114415513404346,-5.161076572647261,-5.2077386036293465,-5.254401681115143,-5.301063565507026
-8.06813258245564,-7.974799508514393,-7.881466496693186,-7.788133561994733,-7.694800722898768,-7.601468002276802,-7.508135428531467,-7.414803036878324,-7.321470871015034,-7.228138985020346,-7.1348074460157775,-7.041476337169254,-6.948145761602568,-6.8548158471522305,-6.761486752276088,-6.6681586734317815,-6.5748318541342625,-6.481506596247985,-6.38818327394543,-6.294862351022074,-6.201544402323391,-6.108230140296758,-6.014920447870418,-5.921616419142931,-5.828319409743371,-5.735031099110337,-5.641753567484139,-5.548489391005579,-5.455241759091421,-5.362014619127743,-5.2688128546015065,-5.17564250401152,-5.08251102929854,-4.989427644078075,-4.896403713567016,-4.803453239638021,-4.710593445634483,-4.617845476002359,-4.525235224645421,-4.432794301970278,-4.340561141824537,-4.248582232784078,-4.156913428581691,-4.065621242337677,-3.9747839473874085,-3.8844921775786565,-3.7948485195877826,-3.7059652914564682,-3.617959278668803,-3.530941647253421,-3.4450006451138884,-3.360174311578056,-3.276410956466302,-3.1935181610539987,-3.111109022883734,-3.0285698390492395,-2.945094365024358,-2.8598403593762667,-2.772230690729983,-2.6823220585142438,-2.59105549048134,-2.5002148527856787,-2.412092857876614,-2.329041242025621,-2.253100188649726,-2.18579431900211,-2.1280791749214467,-2.080383057558129,-2.0426949650846495,-2.0146672215404995,-1.995715549838572,-1.9851077380320514,-1.982036795141256,-1.9856774327725841,-1.9952266688752747,-2.0099305810197596,-2.029099838730016,-2.0521167435926206,-2.07843626592865,-2.107583149381428,-2.1391466864311948,-2.1727743292969506,-2.208164932098481,-2.24506213315368,-2.283248175913549,-2.322538320767827,-2.362775903386973,-2.4038280351153456,-2.4455819062454003,-2.4879416353818624,-2.5308256014266406,-2.5741641946980955,-2.6178979274548326,-2.6619758497424066,-2.7063542228428163,-2.75099540897687,-2.795866941895967,-2.8409407484098246,-2.886192495659568,-2.9316010430621366,-2.9771479813627706,-3.0228172442007017,-3.0685947800801263,-3.1144682747116033,-3.1604269154179807,-3.206461190725648,-3.252562719434778,-3.29872410445782,-3.344938807488174,-3.3912010412462337,-3.4375056766198537,-3.4838481623781092,-3.5302244556257607,-3.576630961425892,-3.6230644801723657,-3.669522161673116,-3.716001465132426,-3.762500123883918,-3.8090161144296824,-3.855547629482569,-3.902093053861061,-3.948650943364194,-3.9952200063206034,-4.041799086841044,-4.088387149936904,-4.1349832692452,-4.181586614276304,-4.22819644121393,-4.274812085446976,-4.321432946394689,-4.3680584932626285,-4.414688238861242,-4.461321759798842,-4.507958667934797,-4.554598614715686,-4.601241287009859,-4.647886407859282,-4.694533733046883,-4.741183036591358,-4.787834067273103,-4.834486717911254,-4.881140865582378,-4.927796221113377,-4.974452798543082,-5.021110178199703,-5.067768906449135,-5.114428249195937,-5.161088441977985,-5.207749277731965,-5.254410009446706,-5.301072893217564
-8.442681541732306,-8.349348376886384,-8.256015252480399,-8.162682178201452,-8.069349165984338,-7.976016230700104,-7.882683390880829,-7.789350669400303,-7.696018094573641,-7.602685701603393,-7.5093535340906845,-7.416021646038222,-7.322690104493961,-7.229358992465164,-7.1360284129560805,-7.042698493585679,-6.949369392577651,-6.856041306066761,-6.762714477178919,-6.6693892072585,-6.576065869827014,-6.482744927820856,-6.389426954958971,-6.296112662202905,-6.2028029304908605,-6.109498851234037,-6.0162017763827755,-5.922913380291021,-5.829635736084725,-5.736371409841366,-5.643123576588335,-5.549896162932538,-5.45669402208081,-5.363523148046216,-5.270390936940622,-5.177306504355912,-5.084281068756534,-4.991328411299346,-4.898465422091473,-4.80571274083973,-4.713095494921132,-4.620644128163142,-4.528395296018791,-4.43639277263223,-4.344688265318467,-4.253341951521565,-4.162422426924863,-4.072005560062039,-3.9821714628581817,-3.892998384268381,-3.804551814715166,-3.7168665286798523,-3.629918967087132,-3.5435879800223495,-3.4576050059687815,-3.371502721547821,-3.284586473350862,-3.195973294857811,-3.1047533939376115,-3.010295784945769,-2.9126220955345943,-2.812665284128452,-2.712240507433205,-2.6137238689814644,-2.5196091269677434,-2.432133086609563,-2.353057155921014,-2.283592347652013,-2.2244171887469464,-2.1757438100955135,-2.1374043453603266,-2.1089422666815496,-2.0896998280525483,-2.0788960526052964,-2.0756918781090747,-2.079241003770977,-2.088726677179751,-2.103385921001555,-2.1225234157230073,-2.1455174708680267,-2.17182037116835,-2.20095503492663,-2.2325095002865725,-2.2661303476721004,-2.301515818305831,-2.338409114719724,-2.376592167088953,-2.415880008220345,-2.4561158068076634,-2.497166550546457,-2.538919337378476,-2.5812782163899235,-2.624161513775459,-2.6674995796319703,-2.711232895344162,-2.7553104871336678,-2.7996885978115427,-2.844329575217083,-2.889200941861818,-2.934274615741123,-2.979526257063434,-3.0249347197775873,-3.0704815903064513,-3.1161507988640818,-3.1619282912364812,-3.2078017509717562,-3.253760363672925,-3.2997946164933323,-3.345896127139222,-3.392057497641825,-3.4382721889968253,-3.4845344133679226,-3.530839041191032,-3.5771815208745887,-3.6235578092336107,-3.6699643110913795,-3.7163978266586097,-3.7628555056157125,-3.8093348070385744,-3.8558334640806207,-3.9023494533046703,-3.948880967175586,-3.9954263906472467,-4.041984279488467,-4.088553342182151,-4.135132421913145,-4.181720484331738,-4.228316603583377,-4.274919949171623,-4.321529776192395,-4.368145420284949,-4.4147662799359715,-4.461391823567503,-4.5080215711763785,-4.554655094166846,-4.601291993566813,-4.647931934410179,-4.694574624974116,-4.741219735874638,-4.7878670410037785,-4.834516377333418,-4.88116738506387,-4.9278201367819205,-4.9744741114439535,-5.021129616493902,-5.067785950544196,-5.114443430410425,-5.1611022264988,-5.207761152482307,-5.2544209081483215,-5.301081778881021
-8.816804474285268,-8.723471250526613,-8.630138053027778,-8.536804888041965,-8.443471763442853,-8.35013868887297,-8.256805676318097,-8.163472740760717,-8.070139900463376,-7.976807178390495,-7.883474602889795,-7.790142209045003,-7.696810040442096,-7.603478151047132,-7.510146607808656,-7.416815493686856,-7.323484911542992,-7.230154988861817,-7.1368258837001886,-7.043497791949715,-6.950170956423097,-6.856845678062223,-6.763522329839912,-6.670201373951214,-6.576883383103932,-6.4835690668620956,-6.390259304205932,-6.296955183776427,-6.203658053563307,-6.110369582199566,-6.017091834473678,-5.923827364213023,-5.830579328315172,-5.737351626389118,-5.644149071220558,-5.550977596026385,-5.4578445051256494,-5.364758775068862,-5.2717314131478785,-5.178775879091191,-5.085908572879416,-4.993149385782567,-4.900522301014018,-4.808056011833472,-4.715784493918625,-4.623747418396919,-4.531990211740495,-4.440563443962381,-4.349521037142797,-4.258916508079931,-4.168796070178837,-4.079186922636656,-3.9900785293288266,-3.9013944136934726,-3.812952677044952,-3.724416561654771,-3.6352443459557415,-3.5446630130819465,-3.4517103094324812,-3.3553995471563685,-3.255028517058888,-3.1505575801349126,-3.0428761501941537,-2.933786162057534,-2.825695592346139,-2.721186481884851,-2.622643517303396,-2.532029088471001,-2.4507931701101153,-2.3798702088351007,-2.3197220451004257,-2.2704030818261853,-2.2316357584067963,-2.202889420818105,-2.1834571227620967,-2.172525575646694,-2.1692346097129516,-2.1727241542020588,-2.182168457219389,-2.1967986339224543,-2.21591546176549,-2.2388946504514378,-2.2651867364800653,-2.294313450231072,-2.325862013662971,-2.359478439984226,-2.3948605716696454,-2.4317513277386804,-2.469932434558571,-2.5092187768777037,-2.5494534147594936,-2.5905032554565186,-2.632255336828828,-2.6746136627347634,-2.7174965250780776,-2.7608342477876326,-2.8045672921615044,-2.8486446689212785,-2.893022608860672,-2.937663450462076,-2.982534708924398,-3.027608296508383,-3.072859868911674,-3.1182682765251206,-3.163815102959644,-3.209484276200517,-3.255261740265853,-3.3011351772979016,-3.3470937717785003,-3.393128009966726,-3.4392295088570877,-3.4853908699145895,-3.5316055536809934,-3.5778677719477407,-3.624172394847161,-3.6705148705781876,-3.7168911557602553,-3.7632976550342954,-3.809731168548285,-3.856188845829824,-3.902668145906453,-3.9491668018346964,-3.9956827901537317,-4.042214303352045,-4.088759726527578,-4.13531761464718,-4.181886676503698,-4.228465756837001,-4.2750538195176375,-4.321649938413987,-4.368253282926229,-4.414863109306108,-4.461478750878875,-4.5080996113444005,-4.55472515786407,-4.6013549006185155,-4.64798841764886,-4.694625335722502,-4.741265266535897,-4.7879079440266175,-4.834553104484795,-4.8812003451507895,-4.9278497251153395,-4.974500670007657,-5.021153528795382,-5.067807337560478,-5.114462631473293,-5.161119352166579,-5.207776531387564,-5.2544350581561305,-5.301093992094806
-9.190650971255886,-9.097317709541091,-9.003984464340446,-8.910651240529598,-8.817318042943022,-8.723984877931478,-8.630651753150472,-8.53731867840587,-8.443985665676069,-8.350652729858316,-8.257319889299998,-8.163987166868486,-8.07065459089241,-7.977322196474314,-7.8839900271381085,-7.790658136832497,-7.697326592454417,-7.603995476892108,-7.51066489291708,-7.417334967920381,-7.324005859790813,-7.230677764225996,-7.137350923747326,-7.044025638931322,-6.950702282198164,-6.8573813149826615,-6.764063308905513,-6.670748971954799,-6.5774391808130614,-6.484135020749124,-6.390837834761165,-6.29754928404661,-6.20427142226064,-6.11100678648856,-6.017758508346884,-5.9245304491497075,-5.831327363522872,-5.7381550961541485,-5.645020816365363,-5.551933294544668,-5.458903222765767,-5.365943578334141,-5.273070022362206,-5.180301313870506,-5.087659700397204,-4.995171214158255,-4.902865751603813,-4.810776733667185,-4.7189400196953395,-4.627391560587028,-4.536163002929089,-4.445274075897977,-4.354720110747827,-4.264452541485213,-4.174349995528381,-4.084178311682834,-3.9935409838568408,-3.9018295079580407,-3.808198179389803,-3.7116078355978677,-3.610992529802903,-3.5055703549469106,-3.395224498857591,-3.280776076237014,-3.163978959735767,-3.0472280741258455,-2.9331412397465333,-2.8241963900538622,-2.722507694518455,-2.629728233000553,-2.5470320353322595,-2.475136567595591,-2.414345249958432,-2.3646020362820868,-2.325554594988174,-2.296622598168311,-2.27706648346628,-2.2660516888454167,-2.262704208460617,-2.266154970409141,-2.2755723504440524,-2.290183613286385,-2.3092869942559693,-2.3322565104911894,-2.3585415606564615,-2.3876631021060986,-2.4192078257321907,-2.4528213756963213,-2.488201335045277,-2.5250904383465937,-2.5632702793719675,-2.6025556465444297,-2.642789529253399,-2.6838387824156618,-2.725590404802256,-2.767948370846172,-2.810830950141346,-2.854168449591445,-2.897901317425936,-2.941978554281925,-2.986356383134442,-3.03099713637816,-3.0758683244543703,-3.120941855892237,-3.166193383454675,-3.211601755218131,-3.2571485529627395,-3.3028177032263306,-3.3485951488758863,-3.394468571133109,-3.440427153758332,-3.4864613824288835,-3.5325628736732035,-3.578724228590714,-3.6249389074126617,-3.671201121692194,-3.7175057414015362,-3.763848214560566,-3.810224497685536,-3.8566309953058675,-3.9030645074863193,-3.9495221836004544,-3.996001482765969,-4.042500138064663,-4.089016126114228,-4.135547638760336,-4.182093060984626,-4.228650949253485,-4.275220011920819,-4.321799090640393,-4.3683871542966015,-4.414983269833499,-4.461586613662537,-4.508196441722523,-4.554812088901538,-4.601432944947881,-4.648058486128523,-4.694688252769305,-4.741321765370441,-4.7879586437439565,-4.834598626050387,-4.881241263069152,-4.927886469975634,-4.9745337018605325,-5.021183065845251,-5.067834035633699,-5.114486628440075,-5.161141056851931,-5.207796081100304,-5.254452093120825,-5.301110114116531
-9.564317938179165,-9.470984651134865,-9.37765137547164,-9.284318113439884,-9.190984868226407,-9.09765164437238,-9.004318446739962,-8.910985281574456,-8.817652156801087,-8.72431908197653,-8.630986069120548,-8.53765313311618,-8.444320292335268,-8.350987569672311,-8.257654993395748,-8.164322598576408,-8.07099042874677,-7.977658537824399,-7.884326992615358,-7.790995876004133,-7.697665290665529,-7.604335363889674,-7.5110062534253785,-7.417678154734763,-7.324351310071883,-7.231026019553281,-7.137702654982726,-7.044381676854955,-6.951063655424718,-6.857749296627665,-6.764439474081536,-6.671135268445558,-6.577838015754265,-6.484549366657863,-6.391271358795311,-6.298006504869438,-6.204757899317398,-6.1115293466753355,-6.01832551475232,-5.925152115362546,-5.832016114301075,-5.738925970010949,-5.64589189621496,-5.552926136430166,-5.460043225884543,-5.367260195951618,-5.274596643355772,-5.182074534316491,-5.089717532567415,-4.997549515664208,-4.905591757263088,-4.813857981740437,-4.722346122812552,-4.631025145805462,-4.539814808836635,-4.4485560242712365,-4.356970245160931,-4.26460949812083,-4.170806674013454,-4.074650695490546,-3.9750309545957596,-3.8708047236791794,-3.761108677879487,-3.6457415224290424,-3.5254413819298183,-3.4018899149433617,-3.277433872253313,-3.154681094584549,-3.0361494241608606,-2.924049675896001,-2.8201887010006357,-2.725944363103157,-2.6422736160965603,-2.5697350018660408,-2.50852086747998,-2.4584998156740845,-2.4192693782535786,-2.390216282999731,-2.370579486995721,-2.3595104801114175,-2.356126210532925,-2.3595517321080277,-2.3689515926432687,-2.383550548754798,-2.4026451806288422,-2.4256084037295143,-2.4518888762496625,-2.4810070525366403,-2.5125492779415395,-2.5461609565133476,-2.5815395025112298,-2.618427530497021,-2.6566065479751937,-2.6958912806991777,-2.73612467207756,-2.777173542977111,-2.818924866737179,-2.861282598646324,-2.9041649937833895,-2.947502347975251,-2.9912351009486717,-3.035312246779711,-3.0796900033558474,-3.1243306991117548,-3.1692018413922534,-3.214275336300153,-3.25952683468826,-3.304935183126833,-3.3504819622050785,-3.3961510975210345,-3.441928531186733,-3.4878019438359775,-3.5337605187452024,-3.5797947412172118,-3.6258962274883366,-3.672057578403308,-3.7182722540051887,-3.764534465718941,-3.8108390833309693,-3.8571815548264485,-3.9035578365699393,-3.9499643331979555,-3.9963978445081345,-4.042855520057577,-4.089334818404645,-4.135833473485264,-4.182349461158876,-4.228880973153946,-4.275426394978576,-4.321984283044507,-4.368553344321223,-4.415132425515444,-4.46172048925616,-4.508316608310125,-4.554919950204843,-4.601529783055713,-4.648145429519202,-4.694766274830912,-4.74139183189062,-4.788021586740776,-4.834655064158789,-4.881292038906331,-4.927931889681283,-4.974574681942777,-5.021219635605402,-5.067867188074176,-5.114516560752811,-5.1611673537013685,-5.207820410763854,-5.254474667545772,-5.301130124780367
-9.937868238474602,-9.844534935195771,-9.751201638892386,-9.657868352234717,-9.564535076212804,-9.471201814121299,-9.377868569044692,-9.284535345082794,-9.191202147456023,-9.097868982245558,-9.004535857374865,-8.911202782483105,-8.817869769546903,-8.724536833427086,-8.63120399252258,-8.53787126968568,-8.444538693170097,-8.351206298075166,-8.257874127859747,-8.164542236439484,-8.071210690590357,-7.977879573116217,-7.884548986634773,-7.791219058291238,-7.697889945660108,-7.6045618439704405,-7.5112349950820185,-7.417909698547091,-7.324586325327345,-7.23126533465289,-7.1379472948521165,-7.044632908962036,-6.951323046189733,-6.858018780475517,-6.764721437614815,-6.6714326526228405,-6.578154439228021,-6.484889273538227,-6.391640193937232,-6.298410919044475,-6.205205984913051,-6.11203090121931,-6.0188923235425955,-5.925798234135149,-5.832758115642624,-5.739783089123343,-5.646885966532526,-5.554081134102297,-5.4613841300747055,-5.368810698196232,-5.276374973294619,-5.1840862685381275,-5.091943663786677,-4.9999272228293306,-4.907984201664794,-4.816008136979008,-4.723808508201374,-4.631069454758334,-4.537299252499721,-4.441780249758899,-4.343543920775439,-4.241415331388929,-4.134180480201942,-4.02089758653835,-3.9012800871551843,-3.7759768309899764,-3.646583132077036,-3.515373240929268,-3.3849092124122917,-3.2577022914883904,-3.136006098148283,-3.021725928593953,-2.916394182843216,-2.82117170282141,-2.736856186647927,-2.663894622013617,-2.6024035184142615,-2.5522009246351995,-2.5128511081703113,-2.4837190939668785,-2.4640297523509,-2.452925452615779,-2.449517238765248,-2.45292633511905,-2.4623147958484766,-2.4769057444956344,-2.495994683883022,-2.5189538125061306,-2.5452313067166235,-2.5743472935680187,-2.6058878935865883,-2.6394983545971282,-2.6748759810422826,-2.7117633094064097,-2.749941791067479,-2.7892261110052448,-2.8294591827125255,-2.870507804902736,-2.912258934368995,-2.9546165139442317,-2.9974987892632425,-3.040836048946121,-3.084568727187643,-3.128645813795432,-3.173023523346808,-3.217664181700026,-3.2625352941843433,-3.3076087653238075,-3.3528602447308966,-3.398268577992896,-3.443815344928637,-3.489484470516758,-3.535261896379076,-3.581135302775868,-3.627093872679975,-3.6731280911089232,-3.7192295741364085,-3.7653909224840425,-3.8116055960025035,-3.857867806037231,-3.9041724223264045,-3.9505148926481737,-3.9968911735145696,-4.043297669449719,-4.089731180225519,-4.136188855416463,-4.1826681534649826,-4.229166807434091,-4.275682795436077,-4.322214306545047,-4.368759730668609,-4.415317615769109,-4.461886678145159,-4.5084657600815525,-4.555053825355469,-4.601649941998293,-4.648253284908013,-4.694863121516566,-4.741478770979233,-4.788099593533992,-4.8347251425947935,-4.8813549341281925,-4.927988465555527,-4.974625394947639,-5.021265204073149,-5.067908062881245,-5.114553186393781,-5.161200715461073,-5.207849992597685,-5.254500371942656,-5.30115404004388
-10.311342691806928,-10.218009377144204,-10.124676069486688,-10.031342765322474,-9.938009470233004,-9.844676182948183,-9.75134290681173,-9.658009644866082,-9.564676399808445,-9.471343175652835,-9.378009977880103,-9.284676812805225,-9.19134368789342,-9.098010612937388,-9.00467759993536,-8.91134466369016,-8.81801182269904,-8.724679099714093,-8.631346523022323,-8.538014127686811,-8.444681957155277,-8.351350065314868,-8.258018518873639,-8.16468740057263,-8.071356812932697,-7.978026882926002,-7.884697767917542,-7.7913696627724915,-7.698042808823459,-7.604717504828248,-7.511394120528863,-7.418073113309079,-7.324755048677201,-7.231440625359357,-7.138130705981253,-7.044826354404386,-6.951528880985107,-6.858239897077714,-6.764961380122175,-6.671695750554582,-6.578445961315124,-6.48521559985663,-6.3920090008271915,-6.298831364605327,-6.205688871731177,-6.112588774838019,-6.019539435976301,-5.926550255352624,-5.833631402993885,-5.740793211038908,-5.648045001473224,-5.555392998315967,-5.462836786165842,-5.370363507151712,-5.277938618390316,-5.185491570383688,-5.092894301361951,-4.9999302593045325,-4.90625246904623,-4.8113324018857,-4.7144094038925655,-4.614465353161206,-4.510268740950863,-4.400541423688901,-4.284269040842876,-4.161083474379135,-4.031544370622431,-3.8971549242429298,-3.760102663382744,-3.622878985375592,-3.4879520880000774,-3.357571416395336,-3.2336866465482332,-3.117929365964653,-3.0116151019324158,-2.915745246925144,-2.8310055961749048,-2.757766915510768,-2.696094807888661,-2.6457737687520684,-2.606346146360901,-2.577162730551401,-2.5574391791854634,-2.5463119080946712,-2.5428881119529536,-2.546286520268459,-2.5556675634836616,-2.57025330209516,-2.5893385377557023,-2.612295002400908,-2.6385705588534245,-2.6676851212102144,-2.6992246637175863,-2.7328343325563256,-2.7682113607199663,-2.805098233894155,-2.843276366939886,-2.8825604183088185,-2.922793282030129,-2.9638417424035794,-3.0055927454571707,-3.047950225919876,-3.0908324232818445,-3.1341696214745163,-3.1779022510936303,-3.221979299168965,-3.2663569781255584,-3.3109976121425775,-3.3558687052401743,-3.4009421609186683,-3.446193627974994,-3.4916019513643692,-3.5371487103940256,-3.5828178296474786,-3.6285952504478782,-3.6744686527724704,-3.720427219397185,-3.7664614352417987,-3.8125629161537637,-3.8587242627947753,-3.904938934937383,-3.9512011439168897,-3.997505759327374,-4.04384822907255,-4.090224509154436,-4.136631004823879,-4.1830645153258486,-4.22952218938783,-4.276001487323256,-4.322500141253555,-4.369016128813361,-4.415547641411515,-4.462093065197758,-4.508650954684237,-4.555220015227461,-4.601799098667558,-4.648387162887082,-4.694983271344484,-4.741586629707752,-4.788196444140569,-4.834812052368595,-4.88143299636131,-4.928058465249878,-4.974688329384029,-5.0213216357802795,-5.06795883580015,-5.1145988495976,-5.161241387491755,-5.207886848624875,-5.2545339745159385,-5.3011838492409105
-10.684767823704773,-10.591434501431042,-10.498101185164193,-10.404767870403095,-10.31143456227813,-10.218101258748638,-10.12476796297742,-10.031434676069106,-9.93810139996528,-9.844768137704454,-9.75143489257655,-9.658101668693892,-9.564768470994029,-9.47143530573146,-9.378102180772963,-9.28476910576648,-9.191436092738659,-9.098103156457064,-9.004770315359092,-8.911437592254098,-8.818105015402114,-8.724772619848743,-8.631440448995885,-8.538108556686621,-8.44477700959339,-8.351445890344714,-8.258115301302723,-8.164785369243877,-8.071456251184756,-7.9781281414833165,-7.884801280694598,-7.791475966392367,-7.698152566502736,-7.604831535633674,-7.511513435043956,-7.4181989569434394,-7.324888953959427,-7.231584474622991,-7.138286805758914,-7.044997522594895,-6.951718547098253,-6.858452214512168,-6.765201346920609,-6.671969330760506,-6.578760191871014,-6.4855786562109055,-6.392430175493616,-6.2993208827874225,-6.206257420660099,-6.1132465492623655,-6.020294387184653,-5.927405054239433,-5.834578358763384,-5.741805984355282,-5.649065360984796,-5.556310036242585,-5.463454903217654,-5.370354181023446,-5.276769869240935,-5.182329215245946,-5.086472985123043,-4.98840432659558,-4.887062888391785,-4.781168290696659,-4.669385994717266,-4.550636475223972,-4.42447654100409,-4.291381066030557,-4.152761654426138,-4.010713304318534,-3.867642108013723,-3.7259478060508795,-3.587838793798067,-3.4552619157541575,-3.32989381984751,-3.2131494167367585,-3.1061846889871814,-3.0098888865121807,-2.9248712937287995,-2.851451487832077,-2.789661273163063,-2.739263030294575,-2.6997847280577116,-2.6705678457050794,-2.65082202714141,-2.639679806492483,-2.636245870598467,-2.639637324410853,-2.6490135413775597,-2.663595890126724,-2.6826787160226684,-2.7056334474100625,-2.731907743108189,-2.761021378654202,-2.7925602331193367,-2.8261693865519235,-2.861546025458958,-2.898432602475131,-2.936610508702795,-2.975894385333809,-3.0161271137338854,-3.057175468825306,-3.098926389631119,-3.141283805608342,-3.184165952249381,-3.227503110435717,-3.2712357084193733,-3.3153127314237225,-3.3596903904742876,-3.4043310086571914,-3.449202089143855,-3.494275534759797,-3.5395269937742873,-3.584935310741764,-3.630482064643489,-3.676151179766058,-3.721928597259827,-3.7678019969675853,-3.8137605614850996,-3.8597947756056894,-3.9058962551811063,-3.9520576005918238,-3.9982722718277066,-4.044534480095185,-4.0908390951488185,-4.137181564288029,-4.183557843879724,-4.229964338918558,-4.276397849991221,-4.322855523603722,-4.369334823099868,-4.4158334741014835,-4.46234946045016,-4.508880973873421,-4.555426399972157,-4.6019842821126025,-4.648553339907486,-4.69513243780776,-4.741720494529114,-4.788316582197704,-4.8349199620797645,-4.881529763124847,-4.9281454861769545,-4.974766269734681,-5.021391861040948,-5.068021543060086,-5.114655002119504,-5.161292250001054,-5.207931870271517,-5.254573986722566,-5.301219658081145
-11.058160876061871,-10.96482754942777,-10.871494226078195,-10.778160906027177,-10.684827587178907,-10.59149427431281,-10.498160965754632,-10.404827661950515,-10.311494365976564,-10.218161079372374,-10.124827803494131,-10.03149454115327,-9.938161296147454,-9.844828072175615,-9.751494874356284,-9.658161709129784,-9.56482858411689,-9.471495509133629,-9.378162496063645,-9.284829559738863,-9.191496718538572,-9.098163995313865,-9.00483141825747,-8.911499022434723,-8.81816685120278,-8.724834958319757,-8.631503410392584,-8.538172289888355,-8.444841698961191,-8.351511764066256,-8.258182641706684,-8.164854525496658,-8.071527654801434,-7.97820232541359,-7.884878902495201,-7.79155783644116,-7.698239682021684,-7.604925121500278,-7.51161499222647,-7.418310319265902,-7.325012353404315,-7.231722614500481,-7.138442939461784,-7.045175532839892,-6.951923015910011,-6.858688466562901,-6.76547543655463,-6.672287923454268,-6.5791302599924375,-6.4860068605517425,-6.3929217287753675,-6.2998775750539275,-6.206874308248107,-6.11390653872265,-6.020959541449923,-5.9280028576013235,-5.834980344122721,-5.741795022867168,-5.64828662359626,-5.554199546160965,-5.459139793063161,-5.36252268283386,-5.263521149101302,-5.161039272492231,-5.053755042590053,-4.940285215351355,-4.819493067139294,-4.690868236604696,-4.554807901201403,-4.412636903736523,-4.266358246747743,-4.118286582941895,-3.970738107578748,-3.8258543893258006,-3.6855423472864666,-3.551476396577308,-3.4251167161411176,-3.307718639559901,-3.2003258488884594,-3.103750874017821,-3.018551594732699,-2.9450135919555027,-2.883146388690542,-2.832697855534486,-2.7931865553323876,-2.7639478888605407,-2.7441875786559273,-2.7330356298128415,-2.72959509608343,-2.732982024859538,-2.74235510164513,-2.7569352448254567,-2.776016502853481,-2.7989701065346364,-2.8252435819524364,-2.85435661449136,-2.8858950212985697,-2.919503839394552,-2.9548802250409993,-2.991766609369084,-3.0299443680228673,-3.069228130964577,-3.1094607713211304,-3.1505090579129846,-3.1922599252067028,-3.234617299227253,-3.2774994128682535,-3.320836545024785,-3.364569122424815,-3.4086461291195027,-3.4530237752169604,-3.4976643830981597,-3.542535455381655,-3.5876088944453213,-3.6328603482320183,-3.6782686610293065,-3.72381541157495,-3.769484524030296,-3.8152619393625944,-3.8611353373366364,-3.9070939004425616,-3.9531281135474385,-3.9992295922365053,-4.045390937066235,-4.091605607477459,-4.137867815501813,-4.184172430207791,-4.230514898543151,-4.276891177865244,-4.323297672688005,-4.369731182666699,-4.416188858312565,-4.4626681577154645,-4.509166813109076,-4.555682798207685,-4.6022143152988315,-4.648759739920406,-4.695317614831263,-4.741886689997117,-4.788465763183305,-4.8350537867192935,-4.881649985507167,-4.928253246438894,-4.974863194633412,-5.021478632099123,-5.06809977864688,-5.114725397577514,-5.161354968510045,-5.207988853989412,-5.25462565742559,-5.301266067121602
-11.431533057676653,-11.3381997307293,-11.244866405769912,-11.151533080279028,-11.058199755457622,-10.96486643596387,-10.871533117518874,-10.77819980434665,-10.684866495488246,-10.59153319198281,-10.498199896644541,-10.404866609009316,-10.311533333001968,-10.218200070630838,-10.124866825907361,-10.03153360189079,-9.938200404100227,-9.844867238739893,-9.751534113793248,-9.658201038800296,-9.564868025666595,-9.471535089170068,-9.37820224790856,-9.28486952455025,-9.19153694728668,-9.098204551111023,-9.004872379339004,-8.911540485674417,-8.818208936562876,-8.724877814268867,-8.631547220618227,-8.538217281567084,-8.444888152863928,-8.351560026960298,-8.25823314144755,-8.16490778935419,-8.071584331654662,-7.978263212273532,-7.8849449760542125,-7.791630290011171,-7.698319968070058,-7.605014999297129,-7.511716579167764,-7.4184261425488645,-7.325145395745438,-7.231876342610272,-7.1386212960162725,-7.045382859956199,-6.952163858043724,-6.858967169203444,-6.7657954079611695,-6.672650350487911,-6.579531951772587,-6.4864367142679615,-6.393355040404367,-6.300267012420667,-6.207135772155531,-6.1138973044559535,-6.020444970654056,-5.926606683332843,-5.832112448457345,-5.736550832363911,-5.639316174930071,-5.5395563601238145,-5.436145767690123,-5.327727311660796,-5.2128762656326515,-5.09040656790855,-4.959749046008705,-4.821231573855543,-4.676099652223397,-4.526269145455127,-4.373963551877965,-4.221409031675123,-4.070664930602868,-3.923572269517456,-3.781766049498541,-3.6467044148192147,-3.519687970693634,-3.4018596489263513,-3.2941862636507713,-3.1974287799317995,-3.112110928399906,-3.0384958739072125,-2.9765785182130635,-2.9260972395961904,-2.8865644597126665,-2.857311615704166,-2.8375418751428336,-2.8263835961867207,-2.8229387694527004,-2.8263227540097344,-2.8356937876670636,-2.8502724958293753,-2.869352733754934,-2.892305603718395,-2.9185785454394297,-2.9476911856456276,-2.9792293011945206,-3.012837901111621,-3.0482141219798455,-3.0851003809397013,-3.1232780435778356,-3.162561732550183,-3.2027943156228154,-3.2438425576475365,-3.285593390123678,-3.327950736846501,-3.3708328290183562,-3.4141699442356948,-3.457902508244703,-3.5019795043248294,-3.5463571420008084,-3.5909977431839715,-3.635868810114559,-3.6809422449382887,-3.7261936953341563,-3.7716020053628307,-3.8171487537286257,-3.8628178644344855,-3.9085952783693454,-3.9544686752987337,-4.000427237552872,-4.046461449774105,-4.09256292766589,-4.138724272038954,-4.184938942707687,-4.231201150258394,-4.277505763475136,-4.323848233152938,-4.3702245110616555,-4.41663100900253,-4.463064519500015,-4.509522192762385,-4.556001486489614,-4.602500146388055,-4.6490161369897525,-4.695547630063432,-4.742093059284503,-4.788650973277655,-4.835219995725068,-4.8817991139653545,-4.928387088593704,-4.97498330154941,-5.021586559998853,-5.068196508636033,-5.114812221987997,-5.161432747999892,-5.208058660107959,-5.254688858819857,-5.301322025797247
-11.804891670711164,-11.711558336880216,-11.618225008861648,-11.524891682176317,-11.431558356315586,-11.338225029773277,-11.244891706637821,-11.151558386128537,-11.05822506872386,-10.964891754575103,-10.871558446443403,-10.778225142890474,-10.684891846639196,-10.591558559548485,-10.498225283847672,-10.404892021546727,-10.311558776381464,-10.2182255524932,-10.124892354716032,-10.031559189359578,-9.93822606439925,-9.844892989272271,-9.751559976067227,-9.658227039578124,-9.564894198169736,-9.47156147455114,-9.37822889695231,-9.284896500276169,-9.191564327775076,-9.098232432969496,-9.004900882110054,-8.911569757139253,-8.818239159399399,-8.724909214101881,-8.631580075824415,-8.538251935229777,-8.444925027183013,-8.351599640521998,-8.258276129758611,-8.16495492890219,-8.071636567568884,-7.978321689361111,-7.885011072230217,-7.7917056499628945,-7.698406533079792,-7.605115025891944,-7.511832634066858,-7.418561053133393,-7.325302122171158,-7.232057717173787,-7.1388295433148246,-7.045618761616913,-6.952425348864211,-6.8592470333355875,-6.766077563367993,-6.672903937221684,-6.579702033187266,-6.486429807577126,-6.393016859030483,-6.29934870068097,-6.20524362776199,-6.110419905658113,-6.014451838520523,-5.91671654505677,-5.8163412528817116,-5.712175709461335,-5.602833531813421,-5.486855047452319,-5.363012212335314,-5.230685219058782,-5.090141398976482,-4.942555595370803,-4.789763993096438,-4.633903604041939,-4.477110554608153,-4.321355223727414,-4.168397169082692,-4.01980592153855,-3.877000388668292,-3.741279161677966,-3.6138303796566986,-3.4957200027546746,-3.3878631636085017,-3.290986563268384,-3.2055914114579966,-3.1319261614837988,-3.069976149125899,-3.019473554710095,-2.979926795182682,-2.950664725097833,-2.9308888481641433,-2.919726450370467,-2.9162788303725797,-2.9196608992934725,-2.929030603617384,-2.9436083781107905,-2.962687952327259,-2.985640344913041,-3.0119129393959683,-3.0410253243398393,-3.0725632503879634,-3.1061717083519635,-3.1415478220107107,-3.1784339994028263,-3.216611599570631,-3.2558952404162027,-3.296127786218827,-3.3371759992466052,-3.3789268090685494,-3.4212841380341783,-3.4641662162348306,-3.507503320436977,-3.5512358757261,-3.5953128649046606,-3.6396904971028845,-3.6843310939065956,-3.7292021573765757,-3.7742755894167686,-3.8195270376064827,-3.864935345876327,-3.9104820928345396,-3.9561512023756142,-4.001928615418091,-4.047802011446254,-4.0937605732022915,-4.1397947847611425,-4.1858962625528,-4.232057607301794,-4.2782722766842225,-4.324534485055333,-4.370839097184234,-4.4171815683007996,-4.463557846929136,-4.509964339056976,-4.55639784567005,-4.602855522312835,-4.6493348222592195,-4.695833464547207,-4.74234944719386,-4.788880999326241,-4.835426407770271,-4.88198426888568,-4.928553295434773,-4.975132383368143,-5.0217205282334545,-5.068316536037623,-5.114919904415524,-5.161529449552884,-5.208145238383923,-5.254766806857804,-5.30139143463467
-12.178241443428682,-12.084908113109178,-11.991574789261733,-11.898241456693052,-11.8049081271809,-11.711574798813762,-11.618241473120436,-11.524908146583,-11.431574824533188,-11.338241502897493,-11.244908184814378,-11.151574871675331,-11.058241562565089,-10.964908259672175,-10.87157496306144,-10.778241676328127,-10.684908400396681,-10.591575138022545,-10.498241893037799,-10.404908669013958,-10.31157547105948,-10.218242305904166,-10.124909180852184,-10.031576105659742,-9.938243092348472,-9.844910155719074,-9.751577314093868,-9.658244590145296,-9.564912012101779,-9.471579614678326,-9.378247441053198,-9.2849155445287,-9.191583991028729,-9.098252862015752,-9.004922258071778,-8.911592303244493,-8.81826315035725,-8.724934987320447,-8.631608044816298,-8.538282605226813,-8.44495901316211,-8.351637687404674,-8.25831913416906,-8.165003961100151,-8.071692890881051,-7.978386772366012,-7.885086585545287,-7.79179343412609,-7.69850851549513,-7.605233051449888,-7.511968153156971,-7.418714578298571,-7.325472314345668,-7.232239884902648,-7.13901321940841,-7.045783840442715,-6.952535993852092,-6.859242156846252,-6.765856087450417,-6.67230220918393,-6.57845966804496,-6.484138945673051,-6.389048751699485,-6.292751755864725,-6.194610988383509,-6.093736716680197,-5.98895837091257,-5.878865266065998,-5.761968543799404,-5.637004817894524,-5.503311255633447,-5.361103150427371,-5.211493693747145,-5.056248118744468,-4.897424265333178,-4.737072668126977,-4.577074533440444,-4.4191010702225375,-4.264640699660536,-4.11504701173743,-3.971579387854823,-3.835423911702044,-3.7076916773716646,-3.5893968788489716,-3.4814202998056,-3.3844660410264704,-3.299020530168405,-3.2253225946770714,-3.1633513239136475,-3.1128348563093575,-3.07327899938271,-3.0440109258002503,-3.0242310560649246,-3.013065978316704,-3.0096165408936866,-3.0129973634284393,-3.0223662028432465,-3.036943369862704,-3.0560225122503692,-3.0789745942405493,-3.1052469628008104,-3.1343591816634855,-3.1658969844176053,-3.1995053500222186,-3.2348813939281356,-3.271767518249514,-3.3099450777720962,-3.3492286873065833,-3.3894612088580067,-3.430509403020027,-3.472260198104825,-3.5146175155108867,-3.5574995846241344,-3.600836681661226,-3.6445692312763804,-3.6886462159771494,-3.733023844597184,-3.777664438562793,-3.8225354997585836,-3.867608930022575,-3.912860376761723,-3.958268683941934,-4.003815429962806,-4.049484538888665,-4.095261951309908,-4.1411353471250685,-4.187093908134641,-4.233128119147423,-4.279229597604963,-4.325390940311259,-4.3716056122054505,-4.417867816047409,-4.464172429702157,-4.510514899668278,-4.55689118297136,-4.603297671839806,-4.649731177603577,-4.696188870603987,-4.742668161025316,-4.789166788332589,-4.835682814747879,-4.882214285079294,-4.928759795706421,-4.975317582843138,-5.021886746167768,-5.068465678484704,-5.115053664988017,-5.161650107364873,-5.20825306421789,-5.254862514936191,-5.301478373622558
-12.551585474724451,-12.45825215043699,-12.36491881899955,-12.271585481755517,-12.178252156106742,-12.084918827038344,-11.99158549690327,-11.89825216673956,-11.804918841419708,-11.711585514911874,-11.618252192769914,-11.524918872125886,-11.43158555458722,-11.33825224109532,-11.244918931680099,-11.151585628521108,-11.058252332435806,-10.964919045344024,-10.871585769542978,-10.77825250724971,-10.684919261978273,-10.591586038155672,-10.498252840268812,-10.404919674900535,-10.311586549778706,-10.218253474557555,-10.124920461142626,-10.031587524302505,-9.938254682370292,-9.844921957962246,-9.75158937915013,-9.658256980639711,-9.564924805316783,-9.471592906158103,-9.378261348627271,-9.28493021343379,-9.191599600005231,-9.098269630600027,-9.004940455317936,-8.911612257884153,-8.81828526252254,-8.724959741722543,-8.631636024866957,-8.538314507345909,-8.444995659420103,-8.351680033477603,-8.258368267278822,-8.165061079161074,-8.071759248528942,-7.978463570836197,-7.885174769773878,-7.7918933392812395,-7.698619272298075,-7.605351608940874,-7.512087699494738,-7.418822020623932,-7.325544296792583,-7.232236549408313,-7.138868505692865,-7.045390527077309,-6.951722847093695,-6.85773945189848,-6.763244483801102,-6.667938888441941,-6.571375865455474,-6.472906950985984,-6.371628535202611,-6.2663533631902935,-6.1556507020448015,-6.0380074856025505,-5.912130827223459,-5.777321713067687,-5.63375127568052,-5.482479762925007,-5.325210504476339,-5.163930785773184,-5.000612684548405,-4.837052508900754,-4.674832796249317,-4.515353908480427,-4.359888454075969,-4.20963052404797,-4.065726964795459,-3.9292867620715217,-3.801369181774873,-3.682954006232777,-3.5748993596432053,-3.4778945070974303,-3.392416203518828,-3.3186969904919437,-3.256711883720584,-3.2061863879075343,-3.166624611171409,-3.137352631224224,-3.1175701635296518,-3.106403342074841,-3.102952722162633,-3.1063327337550186,-3.1157010104322524,-3.1302777822106673,-3.1493566436382157,-3.172308523545979,-3.1985807451140467,-3.2276928559198987,-3.2592305784547206,-3.292838883968885,-3.328214882491496,-3.3651009722832357,-3.4032785053621755,-3.442562094520237,-3.482794600297438,-3.5238427821853597,-3.5655935676764483,-3.6079508775661333,-3.650832940772981,-3.694170033136375,-3.7379025790868092,-3.7819795608113402,-3.8263571871032878,-3.870997779249817,-3.9158688389836906,-3.9609422681376873,-4.00619371393482,-4.0516020203960945,-4.097148765762527,-4.142817874333479,-4.188595286123517,-4.234468681011987,-4.2804272430818795,-4.326461453407892,-4.372562932450759,-4.418724273041674,-4.464938941980364,-4.511201149358752,-4.55750576642553,-4.603848228468576,-4.6502245040307955,-4.696631015177649,-4.74306451157271,-4.789522181832458,-4.836001521776352,-4.882500099009456,-4.929016173075072,-4.975547560934596,-5.022093184251475,-5.068650789510149,-5.115219775327403,-5.1617990236923585,-5.208386720701063,-5.254982980053723,-5.301585801447451
-12.924925790562021,-12.831592450158205,-12.738259104083431,-12.644925772832297,-12.551592442988959,-12.458259114356887,-12.364925784594782,-12.271592455977046,-12.178259123169502,-12.084925798034558,-11.991592468461011,-11.898259144311828,-11.804925822191894,-11.711592501083553,-11.618259183822575,-11.524925870630469,-11.431592561518903,-11.338259258405811,-11.24492596247134,-11.151592675376229,-11.05825939945944,-10.964926137083747,-10.871592891908852,-10.778259667847147,-10.684926470098178,-10.59159330460647,-10.498260179455112,-10.404927104135838,-10.311594090433246,-10.218261153332039,-10.124928310915918,-10.031595585792486,-9.938263005889919,-9.844930605680403,-9.75159842771884,-9.658266524551216,-9.564934960857123,-9.471603816198114,-9.378273188198252,-9.28494319643705,-9.191613986778338,-9.09828573653078,-9.004958660005416,-8.911633014470365,-8.818309105924813,-8.724987293805562,-8.63166799311883,-8.538351671338475,-8.445038835714193,-8.35173000401062,-8.258425647393345,-8.165126087643298,-8.071831320629682,-7.9785407221222355,-7.8852525675942005,-7.791963260148067,-7.698666103436304,-7.605349369709737,-7.511993283295093,-7.418565348897541,-7.325013181536917,-7.231253624797635,-7.137156487119071,-7.04252077334568,-6.947041129767735,-6.850263061146277,-6.7515287469076375,-6.64992325405193,-6.544245673440926,-6.433048806459929,-6.314799618104327,-6.188180763524107,-6.052463053448403,-5.907780521035624,-5.755148515794754,-5.5962172114990905,-5.432912302529204,-5.267135884478696,-5.100606367010332,-4.934821794736762,-4.771094093732116,-4.610607919203812,-4.454476405443883,-4.30378108938895,-4.15959168023564,-4.022965289256403,-3.894926723990392,-3.776433063186772,-3.6683275551294567,-3.571289756431213,-3.48579010523563,-3.4120570436029842,-3.3500629327452334,-3.299531562109225,-3.2599659334445144,-3.2306914117698495,-3.210907253714172,-3.1997392977319294,-3.196287908449714,-3.1996673924162446,-3.209035302959074,-3.223611817581939,-3.242690496208197,-3.265642244635254,-3.2919143705671408,-3.3210264110676726,-3.3525640814092847,-3.386172347827622,-3.4215483168223346,-3.458434384147017,-3.496611900022046,-3.535895475926913,-3.5761279714375,-3.617176145337729,-3.658926924588307,-3.701284229578799,-3.7441662889284033,-3.7875033782678114,-3.8312359217995,-3.875312901629339,-3.9196905264113395,-3.9643311174731863,-4.009202176259636,-4.054275604610165,-4.099527049748051,-4.144935355816213,-4.190482100468141,-4.236151208418667,-4.281928621221715,-4.327802015929827,-4.373760577272447,-4.419794787109401,-4.4658962629315235,-4.512057604819917,-4.558272274376845,-4.604534478895932,-4.650839092960229,-4.697181560038668,-4.7435578285070985,-4.789964360026494,-4.836397872547803,-4.882855496250957,-4.929334784421921,-4.975833418367441,-5.022349524636468,-5.068880884049888,-5.115426326131085,-5.161983954477514,-5.208553141371427,-5.255132939170769,-5.301720086065228
-13.29826361736538,-13.204930312376952,-13.111596964390179,-13.018263655068576,-12.924930319948492,-12.83159696960231,-12.738263637900204,-12.64493030833837,-12.55159698430013,-12.458263654171263,-12.36493032547249,-12.271596994881985,-12.178263670026412,-12.084930344659826,-11.991597020261098,-11.898263698690606,-11.804930382524404,-11.711597067153217,-11.618263758498278,-11.524930455482098,-11.431597159135622,-11.338263872398965,-11.244930596222199,-11.151597334342831,-11.058264088994584,-10.964930864878491,-10.871597666998955,-10.77826450156692,-10.684931376271802,-10.591598300643874,-10.498265286721562,-10.404932349106083,-10.31159950597286,-10.218266779746024,-10.12493419813767,-10.031601795311165,-9.938269613338075,-9.844937704013779,-9.751606130854576,-9.65827497164581,-9.564944321295473,-9.471614295171193,-9.378285032723122,-9.284956701336748,-9.191629500108888,-9.098303662923739,-9.004979459827386,-8.911657195004478,-8.818337198557007,-8.725019807446259,-8.631705328358615,-8.538393970827586,-8.44508573236221,-8.351780206946659,-8.258476272322374,-8.165171586865084,-8.07186178916448,-7.978539235928662,-7.885191026837082,-7.791795934823477,-7.698319669043607,-7.604707624864768,-7.510873904796254,-7.4166849372002,-7.321935567230327,-7.2263153359524095,-7.129363504564854,-7.030414649221056,-6.928544618411712,-6.822541360486898,-6.710944200919719,-6.592203704801993,-6.464982358733648,-6.328525971971134,-6.182937660167939,-6.029195074142089,-5.868903312070215,-5.7039351592183145,-5.536131578799913,-5.367141448016935,-5.198385240674617,-5.031090581397,-4.866353776483196,-4.705200028368406,-4.548629903421197,-4.39764777145677,-4.253271431893877,-4.1165235022749185,-3.9884060534092134,-3.8698612580060825,-3.7617226289752814,-3.664663382528668,-3.579149836989756,-3.5054077630100418,-3.443407792995264,-3.392872599687169,-3.353304464706703,-3.324028289254177,-3.304243031377955,-3.293074337230343,-3.2896224473703146,-3.2930015880467183,-3.3023692603719255,-3.3169456076818635,-3.336024167372692,-3.3589758302549444,-3.385247893961963,-3.414359888720363,-3.445897525105212,-3.4795057660843804,-3.5148817158651657,-3.5517677685737783,-3.5899452732486377,-3.629228840540818,-3.6694613293581964,-3.7105094980591824,-3.752260273263254,-3.794617575060705,-3.8374996318993255,-3.8808367193080513,-3.9245692613199235,-3.9686462398171884,-4.013023863596016,-4.057664453713381,-4.10253551185985,-4.1476089396739075,-4.192860384957343,-4.238268689955384,-4.2838154346748665,-4.329484541816223,-4.375261955457678,-4.421135347664023,-4.467093908298433,-4.513128120496861,-4.559229600819474,-4.605390937338431,-4.651605602590196,-4.697867825566203,-4.744172424275074,-4.790514895887521,-4.836891214807614,-4.88329762675948,-4.929731203668397,-4.976188767294562,-5.02266827944081,-5.069166639401349,-5.115682582448202,-5.162214062877675,-5.208759300240602,-5.255317747262991,-5.301885865168958
-13.671599912862684,-13.578266581234603,-13.484933253262083,-13.391599930095307,-13.298266586219267,-13.204933250950573,-13.1115999224169,-13.018266584777912,-12.924933259046133,-12.831599929444199,-12.738266598489643,-12.644933265194313,-12.551599938368472,-12.458266610279283,-12.364933282817065,-12.271599956919538,-12.178266634601687,-12.084933312863326,-11.991599995987002,-11.898266682015867,-11.80493337276938,-11.711600069805156,-11.618266773525379,-11.524933486563796,-11.431600210561141,-11.338266948495301,-11.244933703309595,-11.151600479002202,-11.058267281075857,-10.964934115452692,-10.871600989946034,-10.778267914078246,-10.684934899664787,-10.591601961318377,-10.498269117102774,-10.404936389177974,-10.311603804948579,-10.218271398109032,-10.124939209992304,-10.03160729121424,-9.938275703502221,-9.844944521944276,-9.751613837251917,-9.658283758346178,-9.564954414769508,-9.471625958696157,-9.378298565838387,-9.28497243412647,-9.191647778360977,-9.098324817816675,-9.005003752090518,-8.91168471758326,-8.818367712756782,-8.725052473499609,-8.631738269540582,-8.538423576766274,-8.445105555579962,-8.351779227575273,-8.25843618513475,-8.165062581342372,-8.071636017213368,-7.97812075173706,-7.884460387030197,-7.790566810240893,-7.696303716605145,-7.601462585729395,-7.505728824995937,-7.408636635409272,-7.3095144235474185,-7.207430546353676,-7.101163879897588,-6.989242751881803,-6.870104305928278,-6.742394469157943,-6.605338444919698,-6.459013747991426,-6.304366625453805,-6.142964329957942,-5.976634766851461,-5.807166358256016,-5.636147211171398,-5.464928531552494,-5.294660528261877,-5.126355276992112,-4.960949649265256,-4.799356269150988,-4.642498512592493,-4.49132881216791,-4.346830446271832,-4.2100032704100405,-4.081834426589336,-3.9632563319304155,-3.855096141133445,-3.7580229350662755,-3.67250034736248,-3.598752408823823,-3.536748626317534,-3.4862109457232666,-3.4466411800024135,-3.417363928530497,-3.397577955069167,-3.3864087806460357,-3.3829565650937803,-3.386335482415944,-3.3957029997484183,-3.4102792382009026,-3.4293577205069505,-3.4523093277307093,-3.4785813509553334,-3.5076933159515797,-3.5392309302435123,-3.5728391546660823,-3.608215091947917,-3.645101135153818,-3.6832786325555587,-3.72256219422921,-3.7627946786877446,-3.803842844017489,-3.8455936165518967,-3.8879509163635757,-3.93083297158429,-3.9741700575826058,-4.017902598673003,-4.061979576546115,-4.106357199673752,-4.150997789305957,-4.1958688465676195,-4.240942274937521,-4.286193718593124,-4.3316020247299765,-4.377148767820003,-4.422817877349213,-4.46859528974164,-4.514468686309576,-4.560427248900724,-4.606461456739195,-4.652562928636471,-4.698724288460924,-4.744938949769746,-4.791201133259457,-4.837505793334176,-4.883848193131664,-4.930224558811608,-4.976630924391879,-5.023064642461839,-5.06952201948759,-5.116001253309312,-5.162499960692244,-5.209015676252439,-5.255547647494883,-5.302092208478003
-14.044935244379984,-13.951601802009584,-13.858268495389453,-13.764935148859902,-13.671601812903486,-13.57826851177178,-13.484935165834978,-13.391601844530063,-13.29826849562962,-13.204935163797796,-13.111601839441729,-13.018268512607104,-12.924935178288727,-12.831601849290474,-12.738268522242263,-12.644935194112666,-12.551601865523407,-12.458268541356313,-12.364935218599246,-12.271601897685,-12.178268579840262,-12.084935266888387,-11.991601957825061,-11.898268654435656,-11.804935358377305,-11.711602071250054,-11.618268795143017,-11.524935532812844,-11.431602287365493,-11.338269063267811,-11.244935865250604,-11.151602699357355,-11.058269573482796,-10.9649364971787,-10.871603482064936,-10.778270542668787,-10.684937696696968,-10.591604966164944,-10.498272377936107,-10.404939964967767,-10.311607767387198,-10.218275834058225,-10.124944224013367,-10.03161300811174,-9.938282270639421,-9.844952110607027,-9.751622642354352,-9.65829399466083,-9.564966307289497,-9.471639722929458,-9.378314371462706,-9.284990341668445,-9.19166763258356,-9.098346072388624,-9.005025185908424,-8.91170398126359,-8.818380610109635,-8.725051831037968,-8.631712167749614,-8.538352595777958,-8.444958504159514,-8.351506547837342,-8.257959814866938,-8.164260459046304,-8.070318577728713,-7.975995657193982,-7.881080455639123,-7.785255035881662,-7.688049501589358,-7.588787258896685,-7.486530585456864,-7.380050984081883,-7.267867827550585,-7.148407306531807,-7.020301798969829,-6.8827595965389605,-6.735837124115545,-6.580454633898105,-6.41814785387003,-6.250706999505271,-6.079875908593431,-5.907190438816703,-5.733941239573489,-5.561209377357953,-5.3899295696684595,-5.220954472305881,-5.055108370342841,-4.893226678989608,-4.736180815257573,-4.58488866928591,-4.4403107377827356,-4.30343192999564,-4.175229617021206,-4.056629844356989,-3.9484556196394283,-3.8513733288817704,-3.7658448571939034,-3.692093102637634,-3.630086839463361,-3.579547540508015,-3.5399767137547937,-3.510698762183297,-3.490912323138673,-3.4797428362319183,-3.476290408774817,-3.4796691807749074,-3.4890365972653887,-3.5036127648921527,-3.5226911968520818,-3.545642767859978,-3.571914764741765,-3.60102671037442,-3.6325643102971275,-3.6661725239593532,-3.7015484531125646,-3.73843449011437,-3.7766119827847606,-3.815895540813023,-3.8561280224272014,-3.897176185609674,-3.9389269564032046,-3.981284254883812,-4.024166308933376,-4.067503394051792,-4.111235934319084,-4.1553129119813,-4.199690534554442,-4.244331123853602,-4.289202181546489,-4.334275609379621,-4.379527051707267,-4.4249353586526885,-4.4704821033356685,-4.516151211924723,-4.561928625554009,-4.607802012141027,-4.653760567720342,-4.69979478918114,-4.745896248537956,-4.792057625172288,-4.838272297959122,-4.884534467956561,-4.930839040936797,-4.977181560098937,-5.0235578157530085,-5.069964397814607,-5.116398005442995,-5.162855390572335,-5.209335128046998,-5.255833975193795,-5.3023501317941015
-14.418269669106154,-14.324936414228985,-14.2316030924956,-14.138269760218314,-14.044936376775539,-13.95160310074943,-13.858269751758987,-13.764936401716573,-13.671603076245225,-13.57826975126248,-13.484936436404354,-13.391603077235123,-13.298269756561195,-13.204936422977633,-13.111603090345504,-13.018269769660183,-12.924936438142321,-12.831603110732555,-12.738269779270814,-12.64493645620828,-12.551603131579908,-12.45826981173376,-12.36493649454282,-12.271603181360586,-12.178269872059184,-12.084936568496742,-11.991603272296818,-11.898269985607731,-11.804936709460483,-11.71160344679373,-11.618270201748189,-11.52493697751981,-11.431603779104686,-11.338270612876476,-11.244937486607885,-11.151604409526666,-11.05827139333248,-10.964938452248838,-10.871605603702408,-10.778272869132223,-10.684940274765134,-10.591607852325554,-10.498275640216493,-10.404943684545858,-10.311612040154122,-10.218280771479357,-10.124949952892752,-10.031619668192508,-9.93829000832569,-9.844961066123847,-9.751632926110393,-9.65830564606078,-9.564979225359725,-9.471653552229496,-9.378328317486615,-9.285002875684803,-9.191676023885169,-9.098345652158986,-9.005008194895835,-8.911657774049512,-8.818284867378434,-8.724874247293252,-8.631401805108322,-8.537829683598973,-8.444098867116974,-8.350118007480704,-8.255746806339145,-8.160771822383236,-8.06487241395006,-7.967575369479523,-7.868200046013724,-7.765803793699427,-7.659152131698496,-7.546757154594616,-7.427036134879867,-7.298610395204411,-7.160674394376433,-7.013267254892256,-6.857287820085742,-6.694245723912528,-6.525899781320224,-6.353956377824841,-6.17990702188808,-6.004990286068156,-5.83022678177502,-5.656482130832962,-5.484531643056253,-5.315115381436267,-5.148980407462121,-4.986910160096786,-4.829741496896581,-4.67836951082722,-4.53373973873562,-4.396827307180514,-4.268603205445722,-4.149989323129401,-4.0418059653309015,-3.9447177628970462,-3.8591854625417152,-3.7854312250185362,-3.7234233477878846,-3.672882995852846,-3.6333114787516054,-3.6040330716704725,-3.584246329700883,-3.573076639484239,-3.5696240741561853,-3.573002751603887,-3.5823701024872117,-3.5969462240261874,-3.6160246232335758,-3.6389761706764787,-3.6652481504203815,-3.6943600834623873,-3.725897674020939,-3.7595058806863992,-3.7948818045478556,-3.8317678375227304,-3.8699453271210085,-3.9092288827228865,-3.9494613625489463,-3.9905095242989375,-4.032260293916106,-4.074617591644268,-4.117499645127907,-4.160836729513885,-4.204569269704781,-4.2486462465736015,-4.293023868580877,-4.337664457572084,-4.382535516244504,-4.4276089407261905,-4.472860384914931,-4.518268689765942,-4.563815433108787,-4.609484550245365,-4.65526196353433,-4.701135359857347,-4.7470939252478,-4.79312809822493,-4.8392296245472926,-4.885390897591486,-4.931605636323238,-4.977867728312298,-5.024172537365071,-5.070514775804481,-5.116891098331267,-5.1632973484895635,-5.209731107394083,-5.256189480682178,-5.302668236749871
-14.79160386131761,-14.698270541635793,-14.604937198472017,-14.511603912011026,-14.418270535321094,-14.324937238550767,-14.231603879112509,-14.138270538896926,-14.044937224794104,-13.951603898937464,-13.858270576602955,-13.764937223021164,-13.67160390718886,-13.578270565047623,-13.484937231177826,-13.39160390266134,-13.298270571578263,-13.20493724467263,-13.111603914624215,-13.018270586546638,-12.924937259798789,-12.831603933210936,-12.738270610185813,-12.6449372912028,-12.551603973521122,-12.45827065940451,-12.364937350270585,-12.27160404712245,-12.178270750843218,-12.084937463802152,-11.991604187692175,-11.898270925355686,-11.804937679955295,-11.711604455260849,-11.61827125657851,-11.524938090057725,-11.431604963051507,-11.338271884937207,-11.244938867002046,-11.151605923237405,-11.058273070712117,-10.96494033004747,-10.871607726188895,-10.778275289207372,-10.68494305475169,-10.591611064751074,-10.498279367588616,-10.404948017793258,-10.311617074538352,-10.218286598228051,-10.124956643856184,-10.031627249020534,-9.938298413324326,-9.844970064049802,-9.751642000024558,-9.65831380125676,-9.564984684934007,-9.471653277861105,-9.378317259059584,-9.284972801362601,-9.191613702572429,-9.098230038794654,-9.004806084842224,-8.911317115742856,-8.817724511279359,-8.723968311722123,-8.629956001687106,-8.535545841453102,-8.440522612702551,-8.344563487926324,-8.247192574760778,-8.14772595396847,-8.045216985510995,-7.938426338337784,-7.825860200325548,-7.705928595803739,-7.577243847136414,-7.438989129274066,-7.291189416508046,-7.134725991779241,-6.9710869991847035,-6.802005258869801,-6.629155946924275,-6.4539933090321,-6.277711707782899,-6.101279759727674,-5.925502669466648,-5.751086661088654,-5.578694446551365,-5.408988853439572,-5.242664953098355,-5.080471611391817,-4.923222876363772,-4.771798870374297,-4.62713533837989,-4.490201017285646,-4.361962733749155,-4.243339669033736,-4.135150368052746,-4.038058318925381,-3.952523527368781,-3.878767674291398,-3.8167587468807302,-3.7662177098352285,-3.7266457435690765,-3.697367040118429,-3.677580101057383,-3.6664102785607797,-3.662957623527782,-3.6663362394580004,-3.6757035476559747,-3.6902796392097392,-3.709358017107145,-3.7323095492310756,-3.75858151782583,-3.7876934426533793,-3.819231027130055,-3.852839229202894,-3.8882151496214177,-3.9251011800245985,-3.9632786675595546,-4.00256222173959,-4.042794700250569,-4.083842861045865,-4.125593629859528,-4.167950926833756,-4.2108329804215625,-4.254170064501481,-4.297902603191663,-4.341979579884572,-4.3863572029293465,-4.4309977937050595,-4.475868849498735,-4.5209422742908005,-4.566193716238108,-4.611602025676641,-4.657148779549621,-4.7028178833372465,-4.748595303801707,-4.79446866285109,-4.840427278115755,-4.886461409432783,-4.93256289811887,-4.978724246778262,-5.024938910290461,-5.071201251093466,-5.117505989315199,-5.163848321305975,-5.210224971998349,-5.256630941793346,-5.303065299909191
-15.164937672645127,-15.07160429682363,-14.97827106880731,-14.884937816466266,-14.791604327222789,-14.698271048354691,-14.604937731663323,-14.511604474646617,-14.418271122004994,-14.324937780386211,-14.2316043984068,-14.138271069652385,-14.044937743421139,-13.951604444775917,-13.858271093422927,-13.764937756422745,-13.671604433429973,-13.578271093551958,-13.484937771515778,-13.391604434763686,-13.298271108754374,-13.204937782093948,-13.11160445504392,-13.018271127605459,-12.924937806304735,-12.83160448458442,-12.738271167796473,-12.644937853614092,-12.551604544825926,-12.458271242060494,-12.364937945539396,-12.271604658386623,-12.178271382605486,-12.084938119776087,-11.991604874186814,-11.89827164935831,-11.804938450218108,-11.711605282851313,-11.618272154825286,-11.524939075039313,-11.431606054429448,-11.338273106690476,-11.244940248023791,-11.151607497881386,-11.058274879517246,-10.964942420197039,-10.871610151397036,-10.778278108610518,-10.684946330350169,-10.591614855877127,-10.498283721006693,-10.40495295019908,-10.311622543192671,-10.218292452680949,-10.124962547765257,-10.031632555173797,-9.938301965526191,-9.844969885197049,-9.75163480363872,-9.65829422962095,-9.564944124954794,-9.471578025921097,-9.37818568455265,-9.284750974152505,-9.191248672421855,-9.097639543370251,-9.003862865241452,-8.909825180378887,-8.815383585217418,-8.720321426218023,-8.62431410988369,-8.526883577110576,-8.427343259295796,-8.32474328768494,-8.217840403487275,-8.10513600660597,-7.985034239152598,-7.856140109400061,-7.717627607839707,-7.569510170431398,-7.412654723298053,-7.248531784112518,-7.07885276261629,-6.905266993963027,-6.729197667147366,-6.551801994327463,-6.374004448386464,-6.1965582696770545,-6.020109273161142,-5.845251081068252,-5.672569160426271,-5.502674337465006,-5.336227099458941,-5.173953492861847,-5.016652586524904,-4.8651947036376,-4.720509193378351,-4.583560624828227,-4.455313111911718,-4.336684071909647,-4.228490903727984,-4.131396351666762,-4.0458599391965455,-3.9721030349626267,-3.9100934242651033,-3.859551941461848,-3.8199796829573502,-3.7907007866784985,-3.7709137193810816,-3.759743810819872,-3.7562910974274883,-3.759669673325541,-3.769036953755151,-3.783613025806943,-3.8026913898337367,-3.8256429119823996,-3.851914873296423,-3.8810267928303586,-3.9125643732974704,-3.946172572451889,-3.9815484906178344,-4.018434519254123,-4.056612005447273,-4.095895558491527,-4.136128036621939,-4.177176196694366,-4.218926965343175,-4.26128426194999,-4.304166315070532,-4.347503397619612,-4.391235937935016,-4.435312914759327,-4.479690534102794,-4.524331126111807,-4.5692021876995526,-4.614275603758426,-4.659527052653451,-4.704935351510601,-4.750482121860654,-4.7961511881577445,-4.841928657430868,-4.8878019875846554,-4.933760511381167,-4.9797948582337614,-5.025896139820589,-5.072057744768042,-5.118272303048609,-5.164534733721884,-5.2108388234010645,-5.257181163637159,-5.303556992031282
-15.538271570998049,-15.444937906341794,-15.351604831627354,-15.258271474576489,-15.164938011872726,-15.07160470669369,-14.978271407461522,-14.884938074882488,-14.79160478467457,-14.69827148472854,-14.60493809859109,-14.511604745959135,-14.418271413179701,-14.324938107472812,-14.231604766108529,-14.13827143533167,-14.04493811184683,-13.951604767050485,-13.858271443021286,-13.76493810633067,-13.671604778353819,-13.578271449536139,-13.484938119159024,-13.39160479164611,-13.298271465116606,-13.20493813795478,-13.111604815940932,-13.018271495921152,-12.924938178273818,-12.831604864883682,-12.738271555141871,-12.64493825175493,-12.551604955955899,-12.458271668734476,-12.364938392524554,-12.271605129765968,-12.178271883713657,-12.084938658283203,-11.991605458617505,-11.898272290184943,-11.804939160362167,-11.71160607792189,-11.61827305342593,-11.524940099497593,-11.43160723135073,-11.338274466682734,-11.244941825973132,-11.151609332304002,-11.058277010745773,-10.964944886846471,-10.87161298390654,-10.77828131783699,-10.684949888470577,-10.591618665032012,-10.498287562349736,-10.40495640261937,-10.311624854396957,-10.21829233618919,-10.124957864994427,-10.031619819456063,-9.938275570999691,-9.844920911199964,-9.75154916534996,-9.658149824020045,-9.564706436557737,-9.471193379372249,-9.377570919560975,-9.283777720372134,-9.18971956358353,-9.095252606065253,-9.000159035394784,-8.904112831744673,-8.806634185440672,-8.707034386511364,-8.604360955232032,-8.497367454525264,-8.384551406866645,-8.26431218631578,-8.135248865946505,-7.996527973739753,-7.8481535558828925,-7.690980831593612,-7.526465907992177,-7.356302632064393,-7.182119052526233,-7.005312640612416,-6.827009642297969,-6.648097433817026,-6.469285136392484,-6.291166607479972,-6.114275056937639,-5.939126854387422,-5.7662554564240835,-5.5962370964113015,-5.4297094342097765,-5.267383530169246,-5.110048648168441,-4.958568710768761,-4.813868895250719,-4.67691105458412,-4.548657535797198,-4.4300246076911325,-4.321828923234299,-4.224732742619721,-4.139195275506792,-4.065437687352447,-4.003427632078542,-3.9528858592562504,-3.9133134105998693,-3.884034388870177,-3.8642472381377426,-3.8530772735757997,-3.849624522201457,-3.8530030720870037,-3.862370334423267,-3.8769463937662763,-3.8960247487961484,-3.918976264421779,-3.9452482210990802,-3.9743601370488784,-4.005897715045295,-4.0395059123102,-4.07488182907632,-4.11176785634227,-4.1499453417795875,-4.18922889449444,-4.229461371296898,-4.270509531993643,-4.312260299934713,-4.354617596481451,-4.397499649835109,-4.440836733746994,-4.48456927038225,-4.528646251379735,-4.573023865366651,-4.617664465535429,-4.662535506787037,-4.707608932217892,-4.752860404329513,-4.798268690625277,-4.84381543563379,-4.889484592784055,-4.935262008891679,-4.981135286301937,-5.027094026641305,-5.073128078668626,-5.11922978019167,-5.165391067756645,-5.211606003978815,-5.257867282122121,-5.30417232327154
-15.911604816394341,-15.81827169184676,-15.72493816323119,-15.63160494188918,-15.538271683144451,-15.444938360755055,-15.351605054992776,-15.258271677036696,-15.164938327423906,-15.071605011372938,-14.978271684231604,-14.884938362587604,-14.791605009667146,-14.698271626934897,-14.604938338844626,-14.51160499996113,-14.418271654500586,-14.324938331116055,-14.23160498978725,-14.13827166672886,-14.044938328704035,-13.951605001338564,-13.858271665158899,-13.764938335354952,-13.671605011132408,-13.578271681614016,-13.484938355131646,-13.391605029704907,-13.298271706964204,-13.204938385714664,-13.111605068983012,-13.018271754762665,-12.924938445592444,-12.831605142329634,-12.738271846328107,-12.644938558826183,-12.551605282261114,-12.45827201915983,-12.36493877268801,-12.271605546471921,-12.178272345675111,-12.084939175579844,-11.991606043115826,-11.898272956749722,-11.804939926057049,-11.711606962700998,-11.618274080001479,-11.524941292974116,-11.431608617916375,-11.33827607148678,-11.244943668830029,-11.151611420266704,-11.058279325715096,-10.964947365146179,-10.871615483151938,-10.778283564036512,-10.684951392140096,-10.591618589106284,-10.498284515274635,-10.404948115534697,-10.311607679149768,-10.218260466751415,-10.124902132578553,-10.031525831717055,-9.938120843798448,-9.844670456800745,-9.75114872335332,-9.657515509596207,-9.563708982494619,-9.469634310006784,-9.375146890623256,-9.28002797635885,-9.183950395677082,-9.086432925012716,-8.986785124298184,-8.884052403429695,-8.776985755073966,-8.664079564069555,-8.543729343220768,-8.414529354939761,-8.275640072387558,-8.127057913620847,-7.96962857193633,-7.804796403880689,-7.634240896902816,-7.459572636894363,-7.28216790814887,-7.103127311570224,-6.923307300964124,-6.743379920477691,-6.563894914154383,-6.385333531603343,-6.208151723932739,-6.032813842948928,-5.859818745362179,-5.689719830615319,-5.523139766876217,-5.360779804881803,-5.203422804003124,-5.0519285116801615,-4.907219386403242,-4.770255512034502,-4.641998085245111,-4.52336262727398,-4.4151653055751305,-4.318068065354898,-4.232529912038992,-4.158771878903665,-4.09676153438139,-4.046219572847463,-4.006647000488804,-3.9773678971169932,-3.9575806921106214,-3.946410691123939,-3.9429579150339857,-3.946336447954828,-3.9557036985412726,-3.9702797496344147,-3.9893580987524224,-4.012309610220072,-4.0385815637178695,-4.067693477650563,-4.099231053866909,-4.13283924981341,-4.168215165669418,-4.205101192107755,-4.2432786768589725,-4.282562228833351,-4.32279470674113,-4.363842865830012,-4.40559363380996,-4.447950928651352,-4.490832982922111,-4.534170069927667,-4.577902600993641,-4.621979574879359,-4.666357210116435,-4.710997781709635,-4.75586886772033,-4.800942295351748,-4.846193686304392,-4.891601985974628,-4.9371487098944815,-4.982817970283377,-5.028595326469193,-5.074468509672023,-5.120427280535549,-5.1664614939693525,-5.212563294830072,-5.258723643526524,-5.304938261399899
-16.28493875218911,-16.191605178246363,-16.09827169502767,-16.004938622851395,-15.911605463404467,-15.818271684890247,-15.724938316621841,-15.631605075128968,-15.53827164515908,-15.444938427214106,-15.351605066114777,-15.258271823063492,-15.164938530823497,-15.071605115389652,-14.978271739758169,-14.88493847347424,-14.791605149467728,-14.698271814560147,-14.60493847308353,-14.511605143553867,-14.418271809012218,-14.324938462051945,-14.231605138909677,-14.138271818881917,-14.044938476781963,-13.95160514935997,-13.858271823656874,-13.764938497217017,-13.671605167027176,-13.578271839779568,-13.484938519003368,-13.391605199249248,-13.298271881431281,-13.204938566736399,-13.11160525737402,-13.018271953981907,-12.924938657860766,-12.831605370190651,-12.738272093403141,-12.644938830211487,-12.551605582829923,-12.458272355883334,-12.364939153100439,-12.271605980349925,-12.17827284389662,-12.084939751288804,-11.991606711172283,-11.898273733346391,-11.804940828297644,-11.711608006943113,-11.618275279118436,-11.524942651575879,-11.431610124231453,-11.338277684074754,-11.24494529503229,-11.151612881824667,-11.058280304156739,-10.964947315836499,-10.871613500645058,-10.77827817200376,-10.68494021665074,-10.59159785173871,-10.498248248525831,-10.404886950465,-10.311506975331977,-10.218097432584175,-10.124641399342224,-10.031112667006802,-9.937470778206155,-9.843653499455248,-9.749565503378248,-9.655061576408862,-9.559922215408395,-9.463819319063191,-9.366270522132465,-9.266583987173707,-9.16380341899052,-9.05667773273361,-8.943698775824819,-8.823258936567719,-8.693948581877729,-8.55492327788184,-8.406173254228138,-8.248536466049773,-8.083447708347235,-7.912574758898035,-7.737513924991537,-7.559624108503247,-7.379984781297234,-7.19942678815229,-7.018591266127355,-6.837990887127977,-6.658062785022498,-6.4792109457776785,-6.301839296594163,-6.126377583895336,-5.953301825148521,-5.783150423541308,-5.616536233950213,-5.454154099424246,-5.296782701733727,-5.145279067305867,-5.000563883838816,-4.863596083348509,-4.735336113714668,-4.616699009671405,-4.50850062269098,-4.411402693058364,-4.325864093271449,-4.252105770610911,-4.190095237904518,-4.13955315360882,-4.0999805007599415,-4.0707013442714555,-4.050914103961702,-4.039744079219035,-4.036291287096342,-4.0396698090314,-4.049037051979512,-4.063613097666633,-4.08269144301408,-4.105642951694759,-4.131914903349051,-4.161026815504778,-4.192564390873109,-4.226172585941892,-4.261548501184518,-4.298434527952985,-4.336612011111082,-4.375895562713056,-4.416128038897516,-4.457176199425413,-4.498926969807202,-4.541284262081686,-4.584166312306113,-4.627503394334272,-4.671235932654138,-4.715312919327747,-4.759690550667546,-4.8043311334107095,-4.8492022137167545,-4.894275639317525,-4.939527013477042,-4.9849354366033145,-5.03048222971504,-5.07615134336467,-5.121928620014203,-5.167801818632005,-5.2137606706685995,-5.259794810316138,-5.305896380679842
-16.65827233891965,-16.564938763949666,-16.471605280722635,-16.378271677866564,-16.284938315467475,-16.191605024072977,-16.098271703447566,-16.004938699182794,-15.91160526174602,-15.818271787270586,-15.724938469726727,-15.631605193903091,-15.538271934264616,-15.444938571620689,-15.351605229366971,-15.258271872167809,-15.164938566390761,-15.071605249518338,-14.978271886318323,-14.884938566165541,-14.791605243561024,-14.698271892117898,-14.60493857185504,-14.511605235321229,-14.418271899236665,-14.324938571749339,-14.231605243685229,-14.138271914789234,-14.044938584472673,-13.951605256106982,-13.858271929611393,-13.764938604325858,-13.671605281101233,-13.578271960790502,-13.484938643079765,-13.391605329122376,-13.29827201961623,-13.204938715990107,-13.111605419648924,-13.018272131916461,-12.924938854500969,-12.831605590451087,-12.738272341960075,-12.64493911318188,-12.5516059079621,-12.458272731206264,-12.36493958866059,-12.271606486607407,-12.178273431960795,-12.084940431719014,-11.991607492332639,-11.898274618204631,-11.804941809276587,-11.711609057068905,-11.61827633810789,-11.524943603437489,-11.43161076176032,-11.338277652878533,-11.24494400599221,-11.151609374352224,-11.058273033537542,-10.96493382335603,-10.87158990281005,-10.778238371049591,-10.684874682164972,-10.591491743153933,-10.498078526201308,-10.404617938304055,-10.311083560115682,-10.21743467324757,-10.123608721105073,-10.029509976619723,-9.934992732304657,-9.83983687556273,-9.743713554595947,-9.64613948249742,-9.546421693518855,-9.443602515356845,-9.336429184745082,-9.223391498307723,-9.102879317738974,-8.973479857829654,-8.834344710992305,-8.68545909109778,-8.527654675325046,-8.36235849261833,-8.191228794686962,-8.015850244004808,-7.837567524487973,-7.657442776263232,-7.47628574232728,-7.294711964511995,-7.113203210204878,-6.932159539854583,-6.751940819371781,-6.572899006871802,-6.395403418905022,-6.219860958284318,-6.046732643092155,-5.876547060068,-5.709910653769388,-5.547514087422414,-5.3901333202978305,-5.238623606696427,-5.093904481130049,-4.956934126056581,-4.828672501923343,-4.71003432684061,-4.601835246738521,-4.50473686853877,-4.419197978269545,-4.345439467253921,-4.283428812094307,-4.232886647914014,-4.193313942710527,-4.164034751654084,-4.144247488336141,-4.133077448177886,-4.129624645553729,-4.133003160407471,-4.142370398208001,-4.156946440571244,-4.176024783443889,-4.198976290353,-4.225248240493279,-4.254360151705415,-4.285897726665917,-4.319505920728815,-4.354881836464882,-4.391767862887792,-4.429945347249694,-4.469228898569344,-4.509461372502309,-4.550509532842625,-4.592260306623635,-4.634617599542243,-4.677499643668218,-4.720836723216772,-4.764569269170707,-4.808646259920306,-4.85302384117329,-4.897664466018004,-4.942535516694156,-4.987608950499437,-5.032860285674357,-5.078268523636432,-5.123815681256401,-5.169484531762819,-5.215262183843413,-5.261134783055047,-5.307093041165986
-17.03160380947602,-16.9382714458577,-16.844938120353767,-16.751605706055873,-16.65827181297819,-16.564938866842027,-16.47160520093432,-16.378271997845612,-16.284938236435288,-16.191605301503014,-16.0982718742393,-16.004938616337757,-15.911605303254722,-15.818271965364046,-15.724938648789932,-15.631605270188842,-15.538271954715544,-15.444938611882952,-15.351605282901682,-15.258271936331354,-15.164938614876275,-15.071605298819975,-14.978271964421248,-14.884938624326084,-14.791605300910403,-14.698271963062535,-14.604938622767989,-14.51160529834852,-14.41827196208797,-14.324938637104928,-14.231605307488278,-14.138271980283308,-14.044938653568067,-13.951605327061365,-13.858272005732545,-13.764938683452796,-13.67160536622897,-13.578272053055942,-13.484938743755,-13.391605439470263,-13.298272142574053,-13.204938853661794,-13.111605575997107,-13.018272310693698,-12.924939060779126,-12.831605829402243,-12.738272620022094,-12.644939437230855,-12.5516062851863,-12.45827316865128,-12.364940091612613,-12.271607057029437,-12.178274064914488,-12.084941109683468,-11.991608176094696,-11.898275232284094,-11.804942218835075,-11.71160903154393,-11.618275494216732,-11.52494131614924,-11.431606025988888,-11.338268868782567,-11.244928646498929,-11.151583471211705,-11.05823038393427,-10.96486476666013,-10.871479437044075,-10.778063256529729,-10.684598994895113,-10.591060062785715,-10.497405531253577,-10.403572583043623,-10.309465168623822,-10.214937181997373,-10.119768018787257,-10.023628221538646,-9.926033759406602,-9.826290755691549,-9.723440425913571,-9.616228650762809,-9.503143569263653,-9.382573000166442,-9.253101608935967,-9.113877773747992,-8.964882650138223,-8.806942831092105,-8.64147904468362,-8.47014179688533,-8.294506271963897,-8.11590557101208,-7.935387652338113,-7.753744947004973,-7.571571906827058,-7.389324707950111,-7.207372504428639,-7.026038085968941,-6.845629285540845,-6.666463447381445,-6.488887041922278,-6.3132919685413125,-6.140129426395827,-5.969921590096933,-5.80327072324102,-5.640864764804698,-5.483477900763182,-5.3319642312210345,-5.18724254076591,-5.0502705234685195,-4.922007822796743,-4.803368950912543,-4.695169419841951,-4.598070749771679,-4.512531670595279,-4.4387730369719804,-4.37676230213229,-4.326220085963343,-4.2866473467310175,-4.257368133105113,-4.2375808548542615,-4.226410804666869,-4.2229579953271505,-4.226336505292532,-4.235703740242363,-4.250279779894108,-4.269358121583866,-4.2923096268551015,-4.318581576949107,-4.347693487514112,-4.3792310612234,-4.412839254995919,-4.448215171446921,-4.485101194414478,-4.5232786798171505,-4.562562231778525,-4.602794702513179,-4.6438428707080375,-4.685593624456127,-4.727950929137153,-4.770832981793302,-4.814170058634309,-4.857902640900031,-4.901979619225457,-4.946357218567431,-4.990997847840536,-5.035868772861735,-5.080942455091918,-5.1261938410552395,-5.171601847335846,-5.217149075309213,-5.262818454283961,-5.308595520117507
-17.404939281157056,-17.311604886024195,-17.21827024472684,-17.12493702353859,-17.031605253130195,-16.93827161644961,-16.844938641070502,-16.75160453940399,-16.658272401346117,-16.56493844928153,-16.471605184964144,-16.378271952051243,-16.284938352292947,-16.1916053374582,-16.09827173452374,-16.00493862172302,-15.911605346650239,-15.818272036626011,-15.724938655867078,-15.63160537150349,-15.538272008125029,-15.444938680852498,-15.351605319695977,-15.258272023859494,-15.164938648230523,-15.071605331376555,-14.978272011431928,-14.884938666989576,-14.79160534581926,-14.69827201482984,-14.604938682791655,-14.511605346004322,-14.418272027430852,-14.324938697385148,-14.231605365802432,-14.138272043488069,-14.044938719760488,-13.951605398693088,-13.858272082025385,-13.764938768439887,-13.671605458908186,-13.5782721547644,-13.484938856989881,-13.391605567977777,-13.298272289035818,-13.204939021626817,-13.111605769242386,-13.018272533790181,-12.924939318506162,-12.831606126045996,-12.738272959456163,-12.6449398206878,-12.551606709303515,-12.458273621992873,-12.36494054872038,-12.271607468828819,-12.178274343645807,-12.08494110533463,-11.99160763928966,-11.898273756361334,-11.804939149841637,-11.71160332852087,-11.61826551281048,-11.524924474158365,-11.431578286786726,-11.338223944812864,-11.244856772065338,-11.151469514137657,-11.058050943129057,-10.964583718120766,-10.871041112598217,-10.777382027731734,-10.683543435947097,-10.58942902750924,-10.494892374816784,-10.399712476577507,-10.303559386452466,-10.205948473015356,-10.106185124071091,-10.003309657112649,-9.896066857895304,-9.78294352712174,-9.662325834195252,-9.532796385991388,-9.393500963154024,-9.24441743676798,-9.086368278227228,-8.920769103645686,-8.749264139619363,-8.57342088494838,-8.394563004745462,-8.213726881792622,-8.031690807968632,-7.849031916955458,-7.666185303697142,-7.48349452835685,-7.301251472541878,-7.119726886455446,-6.939193990826904,-6.759947278410738,-6.582318213578606,-6.406688876786443,-6.233504052032278,-6.063281731423744,-5.896621453716414,-5.734209383304018,-5.576818552023986,-5.425302308662646,-5.280578949291853,-5.143605850406679,-5.0153424492848355,-4.896703124041077,-4.7885032995300225,-4.691404439694567,-4.605865237346357,-4.532106524084255,-4.470095737432711,-4.419553487353084,-4.379980725925761,-4.35070149796995,-4.330914209983705,-4.319744153014277,-4.316291339199967,-4.319669846622083,-4.329037078635077,-4.343613117106639,-4.362691457319349,-4.385642961844802,-4.411914912036271,-4.441026822776943,-4.4725643958328165,-4.506172589589772,-4.541548500674659,-4.5784345313387,-4.616612009437492,-4.655895557472436,-4.696128051971026,-4.737176210838894,-4.778926980784459,-4.821284271001086,-4.864166296880563,-4.9075034406391875,-4.951235873563664,-4.995312839477765,-5.0396904235139175,-5.0843311264408095,-5.1292019359674565,-5.174275361786253,-5.2195265891986615,-5.2649348806158445,-5.310482520719235
-17.77827267380889,-17.684938288865403,-17.591603647565734,-17.49827042637486,-17.40493865596318,-17.311605019277568,-17.218272043893254,-17.124937942219326,-17.031605804152907,-16.938271852077268,-16.844938587746544,-16.751605354816988,-16.658271755037998,-16.56493874017767,-16.471605137211316,-16.378272024371313,-16.284938531032722,-16.19160526314767,-16.098271967583045,-16.004938758148544,-15.911605397695848,-15.818272015684991,-15.72493866736208,-15.63160535081445,-15.538272008995078,-15.444938679509612,-15.351605362679294,-15.258272014162277,-15.164938694351745,-15.071605362059515,-14.978272029268775,-14.8849386877758,-14.791605368149144,-14.69827203519384,-14.604938704772417,-14.51160537890566,-14.418272051437384,-14.324938725964005,-14.231605402152153,-14.138272081420174,-14.0449387645975,-13.951605450865756,-13.858272140585093,-13.764938835967705,-13.671605537465197,-13.578272246980827,-13.484938966635879,-13.39160569682261,-13.298272440386068,-13.204939198622352,-13.111605973921945,-13.018272767119319,-12.924939578244956,-12.831606404999357,-12.738273240885766,-12.644940072471208,-12.551606874587398,-12.458273603132874,-12.364940183474028,-12.271606492618956,-12.178272330972392,-12.084937378922833,-11.991601129215447,-11.898262782437605,-11.804921085385267,-11.711574081800459,-11.618218727925687,-11.524850300734204,-11.431461487655822,-11.338040988771082,-11.24457137387689,-11.151025805848365,-11.057363048856876,-10.963519905715803,-10.86939985684167,-10.774856215266558,-10.679667659573019,-10.583503849068425,-10.485879667778125,-10.386099909909383,-10.28320416782196,-10.175936342545567,-10.062782152629769,-9.942126433235291,-9.812550126322918,-9.673196913965546,-9.52404201706029,-9.365904581168316,-9.200196085409823,-9.028555651877966,-8.85254453269522,-8.673478756349365,-8.492385273963375,-8.310030839480486,-8.126978428658937,-7.943645844119711,-7.760355552572967,-7.577373841640046,-7.394940546110239,-7.213291809384676,-7.0326779949684015,-6.853378585669458,-6.675715227908637,-6.500063583747179,-6.326864255115349,-6.156632508967032,-5.989966106713354,-5.827550059349612,-5.670156646778618,-5.518638728858501,-5.373914283156969,-5.23694048074527,-5.108676624227817,-4.990037003613742,-4.881836988375755,-4.784738004807025,-4.699198722594123,-4.6254399574658,-4.563429136927095,-4.5128868650142575,-4.4733140894200805,-4.44403485140915,-4.4242475571184645,-4.413077496464869,-4.409624679923431,-4.413003184844139,-4.422370416475915,-4.43694645257994,-4.456024793871101,-4.478976296813313,-4.505248247739269,-4.5343601534617815,-4.5658977264384015,-4.599505924775975,-4.634881835914995,-4.671767855636247,-4.709945355215591,-4.7492288854082965,-4.789461392729585,-4.830509539418887,-4.872260339393565,-4.914617570191677,-4.957499669621843,-5.00083682559975,-5.044569365716466,-5.088646085314968,-5.133023763763641,-5.177664546071768,-5.2225350651114955,-5.267609586070488,-5.312861279986829
-18.151606114012782,-18.05826840493492,-17.96494228930591,-17.871608050291783,-17.778273746704407,-17.684937016753256,-17.59160542243811,-17.498272219326946,-17.404937733090353,-17.311605230604847,-17.218271966265377,-17.12493873332487,-17.031605747173607,-16.93827162368337,-16.84493891492108,-16.75160524178132,-16.65827216919777,-16.56493853674276,-16.471605631642145,-16.37827210492509,-16.28493869550236,-16.191605312025434,-16.098272016788506,-16.004938774332253,-15.911605450424249,-15.818272134318658,-15.724938753421617,-15.631605443795864,-15.53827210504592,-15.444938773271575,-15.351605421190786,-15.258272109717355,-15.164938766324028,-15.07160543322286,-14.978272110625728,-14.88493878235877,-14.791605450263562,-14.698272122013007,-14.604938794887762,-14.511605471561607,-14.418272145745862,-14.324938825885459,-14.231605507454969,-14.138272194713121,-14.044938883862454,-13.951605579485822,-13.858272279601167,-13.764938987819768,-13.671605704302042,-13.578272430556504,-13.48493916788299,-13.391605917125329,-13.298272677426258,-13.20493944819953,-13.111606224975272,-13.018272998949133,-12.924939753638252,-12.831606460535028,-12.738273070927423,-12.64493950486682,-12.551605632477333,-12.458271245734888,-12.36493601467238,-12.271599419047732,-12.178260643409574,-12.084918414693671,-11.991570751955878,-11.898214580909597,-11.804845140645984,-11.711455071621335,-11.618033015727692,-11.524561470620872,-11.431013509791024,-11.337347786687117,-11.24350096702399,-11.149376361591122,-11.054827073752065,-10.959631523329714,-10.86345905098514,-10.76582414949407,-10.666031134372385,-10.563119014343698,-10.45583098010339,-10.342651883216703,-10.22196548997923,-10.09235140315386,-9.952951602531147,-9.803739140268123,-9.645530437129613,-9.479733627051083,-9.307983775803445,-9.131837110907087,-8.952603330794096,-8.771301797684359,-8.588689877765438,-8.405319000722393,-8.221592795799548,-8.037816450551029,-7.854235148137995,-7.671063143726848,-7.4885056531179215,-7.306775953602122,-7.126109412029436,-6.946775685720914,-6.769090003110238,-6.593423840810883,-6.420215072404075,-6.2499771921382585,-6.083306805518592,-5.920888170286629,-5.763493078413793,-5.611974070579341,-5.467248918068888,-5.330274658467921,-5.202010504568422,-5.083370692583913,-4.97517055300721,-4.878071489398342,-4.792532154621892,-4.7187733558021865,-4.656762513885068,-4.6062202275029245,-4.566647442396578,-4.5373681979552085,-4.517580900027233,-4.506410836443812,-4.5029580171819745,-4.5063365208350366,-4.515703752813044,-4.530279788286869,-4.54935812577889,-4.572309631869489,-4.5985815834932975,-4.627693494015987,-4.659231069318866,-4.692839252577329,-4.728215162920549,-4.76510119479527,-4.8032786606799895,-4.842562258101639,-4.882794676513991,-4.923842917975559,-4.965593706199576,-5.007950937898163,-5.050832944367425,-5.094170245032035,-5.1379027518251394,-5.181979661291241,-5.226357003851131,-5.2709984367255815,-5.315868122270642
-18.524939482282022,-18.4316017676919,-18.338275652062883,-18.244941413047414,-18.151607109458403,-18.058270379504627,-17.964938785187503,-17.871605582073396,-17.778271095832885,-17.68493859334286,-17.591605328997694,-17.498272096050318,-17.40493910989018,-17.311604986389035,-17.218272277613444,-17.12493860445695,-17.031605531852755,-16.93827189937205,-16.84493901222961,-16.75160548199396,-16.658272069716165,-16.564938674474153,-16.471605341768687,-16.37827205488355,-16.284938746665397,-16.191605509038585,-16.098272122285366,-16.004938800914445,-15.91160544305865,-15.818272110536109,-15.724938783758516,-15.631605456740003,-15.538272108821483,-15.444938775400928,-15.35160545683876,-15.258272129224768,-15.164938793291354,-15.07160546122205,-14.978272131327188,-14.884938805781571,-14.791605477560845,-14.698272153891578,-14.604938830008422,-14.511605509462903,-14.418272190521915,-14.324938876119083,-14.231605564914457,-14.138272259039972,-14.04493895799072,-13.951605663298508,-13.858272375888552,-13.764939096182347,-13.671605823631275,-13.578272558088313,-13.484939296362006,-13.391606032659972,-13.298272756517129,-13.204939449194807,-13.111606079067727,-13.018272594073984,-12.924938909711956,-12.83160489064067,-12.73827032212493,-12.64493486564252,-12.551597990576836,-12.458258868506137,-12.364916210287825,-12.271568015101757,-12.17821118397116,-12.084840925360103,-11.991449841853736,-11.89802652831637,-11.804553424171534,-11.71100353076271,-11.617335412182252,-11.523485623545117,-11.429357338847277,-11.334803492470948,-11.239602295839907,-11.143422833212528,-11.04577928285357,-10.945975575840507,-10.843050252393477,-10.735745932558915,-10.622546769342105,-10.50183566302937,-10.372191124259377,-10.232753740107059,-10.08349479689053,-9.92522852656574,-9.759360408858576,-9.587522257456662,-9.411266149691288,-9.231896621545378,-9.050427010057609,-8.867606916985494,-8.683978482327433,-8.499933720419408,-8.315763690274474,-8.131696262484242,-7.9479246403003145,-7.76462839744402,-7.581989908169635,-7.400207467398225,-7.219506585629702,-7.0401505177903525,-6.862450303063417,-6.6867746904184004,-6.51355978139823,-6.34331790987564,-6.176644931113641,-6.01422461316477,-5.856828427015721,-5.705308710968469,-5.560583098655848,-5.423608540878697,-5.295344194892079,-5.176704257621782,-5.068504037247886,-4.971404920600251,-4.8858655530192765,-4.812106731183346,-4.750095875060548,-4.699553579410912,-4.659980788006207,-4.630701540423443,-4.610914239034973,-4.5997441731641535,-4.596291352204729,-4.599669855567731,-4.609037085095557,-4.623613121834587,-4.642691463173423,-4.6656429612683095,-4.691914914884725,-4.721026827205887,-4.752564386509591,-4.786172576329186,-4.8215485067587345,-4.858434514654875,-4.896612041563957,-4.935895588372102,-4.9761280549623,-5.017176103121086,-5.058926832072821,-5.101284371727403,-5.144166292972019,-5.1875037510491335,-5.231235810566435,-5.275313428619173,-5.319690443731705
-18.898280973204844,-18.804941645171567,-18.711603741354427,-18.618266274836945,-18.524933613214245,-18.4316064941295,-18.338272137659885,-18.244940731684903,-18.15160589789852,-18.0582719458079,-17.96493868145891,-17.871606209267785,-17.778271848699944,-17.68493932877804,-17.591604831543396,-17.498271634837767,-17.404938364733027,-17.311605461296782,-17.218272355521677,-17.124938963343975,-17.03160574601458,-16.93827193805268,-16.84493862245113,-16.751605519370703,-16.658272189357113,-16.56493890777206,-16.471605422633086,-16.37827210977519,-16.284938760035683,-16.191605527646093,-16.098272179572888,-16.004938849286578,-15.911605520382427,-15.818272167516422,-15.724938825184244,-15.631605507046794,-15.53827217098376,-15.444938840791819,-15.351605515568185,-15.258272186080811,-15.164938856337072,-15.071605532778412,-14.978272202837001,-14.884938877425292,-14.791605555138968,-14.69827223232,-14.604938912897067,-14.511605597264525,-14.4182722857948,-14.324938976699404,-14.231605673709476,-14.138272375551482,-14.04493908180251,-13.95160579289556,-13.858272506172717,-13.764939218607129,-13.671605922854365,-13.578272606899592,-13.484939250139986,-13.391605818891149,-13.298272258078223,-13.204938479721966,-13.111604344105576,-13.018269631047026,-12.924933995438982,-12.831596898269868,-12.738257500835548,-12.644914501234725,-12.551565882856972,-12.45820852701306,-12.36483761791006,-12.271445727933148,-12.178021414525803,-12.084547070761634,-11.990995640463991,-11.89732561639614,-11.803473465240746,-11.709342251301846,-11.61478477292081,-11.519579072785008,-11.42339402592293,-11.32574355127858,-11.22593125904139,-11.122995293616762,-11.01567778979247,-10.90246231153973,-10.78173105310047,-10.652061685867645,-10.512593787164347,-10.363297365484328,-10.204984911893726,-10.039059484484056,-9.867149896148407,-9.690805203971912,-9.511326315277778,-9.329720772301918,-9.146732610163191,-8.962895845634701,-8.778593427096784,-8.594104801229262,-8.409643709080076,-8.225385889040323,-8.041489995169613,-7.85811275120785,-7.675421494255939,-7.493604703041908,-7.312881475558362,-7.133510864317026,-6.95580118273206,-6.780119421513845,-6.606900515140629,-6.436656049482066,-6.26998138444667,-6.107559967696579,-5.950163073387338,-5.7986428936059,-5.6539169838973375,-5.516942229992979,-5.388677760133044,-5.270037741216041,-5.161837468562049,-5.064738317400998,-4.979198926893411,-4.90544009223643,-4.843429226542461,-4.792886925568047,-4.753314130278898,-4.724034879523343,-4.704247575100357,-4.693077511603235,-4.689624691407079,-4.693003193779669,-4.70237041617203,-4.7169464553813585,-4.736024790622551,-4.7589763006416375,-4.785248254010413,-4.814360154647492,-4.8458977104639045,-4.879505937674325,-4.914881832525966,-4.951767824308799,-4.98994528337461,-5.029228975031638,-5.06946151046504,-5.11050970380763,-5.152260196633098,-5.194617247709608,-5.237499986820976,-5.28083680094085,-5.324568564729084
-19.27159867675058,-19.17828804126178,-19.084937087142578,-18.991616602166122,-18.898273807721395,-18.804945364271962,-18.71160993946125,-18.618270483194433,-18.524939243681345,-18.431605291588536,-18.338272027237355,-18.244936512007776,-18.15160396719188,-18.05827168459996,-17.964938975810014,-17.871606268766797,-17.778272230009424,-17.684938807031937,-17.591607114717153,-17.49827372183274,-17.404939791417355,-17.311605461107476,-17.2182722542591,-17.12493946301253,-17.031605924196068,-16.938272881281083,-16.844939081898108,-16.751606059134303,-16.658272592464836,-16.564939467982818,-16.47160603025331,-16.378272692483918,-16.28493931997168,-16.191605975375776,-16.098272687930702,-16.00493938746603,-15.911606028485906,-15.818272721653726,-15.724939368021905,-15.631606057986755,-15.53827270534122,-15.444939394020077,-15.351606063341334,-15.258272737680246,-15.164939409946367,-15.07160608611367,-14.978272761693638,-14.884939438333907,-14.791606121338981,-14.698272798733711,-14.60493948741752,-14.511606177629986,-14.418272868167264,-14.324939564457587,-14.231606260005115,-14.138272956821467,-14.044939647048551,-13.95160632465789,-13.858272975189744,-13.764939577270932,-13.671606094750514,-13.578272470116787,-13.484938612954934,-13.391604379553677,-13.29826954524275,-13.204933759226213,-13.111596475643708,-13.018256847019178,-12.924913560870344,-12.831564587046469,-12.73820679053817,-12.644835334979252,-12.551442767309789,-12.458017613517091,-12.364542227499937,-12.270989504563204,-12.177317877375508,-12.083463738158903,-11.989330059183988,-11.894769525377448,-11.799560040305842,-11.70337030953442,-11.605714047835258,-11.505894622748261,-11.402949894659212,-11.295621668460146,-11.18239311776604,-11.061645943430669,-10.93195712910428,-10.792465236598266,-10.64313884085586,-10.48478870977035,-10.318816311524337,-10.146849111090267,-9.970433588092442,-9.790865947413696,-9.609150786181116,-9.426026705736696,-9.242021880608737,-9.057511145323486,-8.872764827393135,-8.687984972363418,-8.50333348319902,-8.318951406851857,-8.13497440830192,-7.951544389549052,-7.768818768460703,-7.586979610153243,-7.4062418303045385,-7.22686176184028,-7.049145939456039,-6.873460181853561,-6.7002386708861525,-6.529992511118598,-6.3633167428701585,-6.200894616782323,-6.043497255461977,-5.8919767798418805,-5.747250676911635,-5.610275796314541,-5.482011245505205,-5.363371170610906,-5.255170863631584,-5.15807169449074,-5.072532286372847,-4.998773444244011,-4.936762573974875,-4.886220264029274,-4.846647466503054,-4.817368213758372,-4.79758091246252,-4.786410845503369,-4.782958018960883,-4.786336527021206,-4.795703763315766,-4.810279782080776,-4.829358126630882,-4.852309651367003,-4.878581569121446,-4.90769346704346,-4.939231099690963,-4.972839274062516,-5.0082152049111555,-5.045101111740098,-5.083278773177748,-5.12256230115659,-5.162794861201448,-5.203842917047385,-5.245593574735589,-5.287950286580838,-5.330833875404269
-19.64493328648211,-19.551621382700286,-19.45827042858027,-19.364949943603165,-19.27160714915773,-19.17827870570745,-19.084943280896706,-18.991603824628918,-18.89827258511455,-18.804938633020605,-18.711605368667936,-18.618269853436228,-18.524937308618043,-18.43160502602325,-18.338272317229595,-18.24493961018175,-18.151605571418468,-18.05827214843364,-17.964944596585685,-17.871610402983855,-17.77827582669052,-17.684938802459925,-17.59160559559077,-17.49827421809693,-17.404940405845846,-17.31160806220835,-17.218273165044835,-17.124940597216547,-17.03160689899968,-16.938274366493154,-16.844940627442533,-16.751607299921528,-16.658273886620808,-16.564940469530264,-16.47160721378897,-16.378274005414234,-16.28494055772017,-16.191607306409843,-16.098273945524962,-16.004940663751178,-15.911607284583267,-15.818273992764778,-15.72494065501843,-15.631607332597467,-15.538274005222942,-15.444940684326792,-15.351607351464926,-15.258274021597604,-15.164940704511114,-15.07160736975716,-14.978274053496369,-14.884940738579678,-14.791607415595902,-14.698274103667233,-14.604940787989605,-14.511607475875778,-14.418274157223843,-14.324940831986828,-14.231607487856161,-14.138274113455262,-14.044940683708422,-13.951607160883194,-13.858273487782387,-13.764939569721983,-13.6716052608195,-13.578270332887818,-13.48493443084916,-13.391597003180093,-13.298257196305137,-13.204913688592216,-13.11156444015855,-13.018206302965716,-12.924834424490497,-12.831441332083978,-12.738015526792784,-12.64453933161375,-12.550985603414512,-12.457312726655354,-12.363457033251894,-12.269321419938457,-12.174758476871672,-12.079545988654548,-11.983352512144439,-11.88569157736637,-11.785866325929264,-11.682914349454743,-11.575577147129954,-11.462337565019416,-11.341576968703794,-11.211871974350482,-11.072360615133313,-10.92301050534167,-10.764630752954924,-10.598620695292487,-10.42660630562077,-10.250133404688237,-10.07049478298427,-9.888690536489726,-9.705457170166207,-9.521316342599926,-9.336637191975237,-9.151682632140986,-8.96664510499597,-8.781674891239698,-8.596899056837392,-8.412435803566924,-8.22840609179185,-8.04494167851646,-7.862193720577596,-7.680340008451548,-7.49959275425228,-7.320206538909194,-7.142486713865664,-6.966798347505959,-6.793575144649224,-6.62332788169035,-6.456651405829097,-6.294228806716435,-6.1368311408486615,-5.985310475983951,-5.840584239451508,-5.703609285717404,-5.5753446788416365,-5.456704570577915,-5.348504239547068,-5.251405050290046,-5.165865635685065,-5.09210679056652,-5.030095913905434,-4.979553603710806,-4.939980809914153,-4.910701557217124,-4.89091424138064,-4.879744187299068,-4.876291349085046,-4.879669871342037,-4.889037089703755,-4.903613106974848,-4.922691490122976,-4.945642940925967,-4.97191495360514,-5.001026885524515,-5.032564338075121,-5.066172479204388,-5.101548358674897,-5.1384343287304235,-5.1766119331679095,-5.215895432355183,-5.2561280241021615,-5.297176886831365,-5.33892779252508
-20.018266320471753,-19.924928621095695,-19.83158271507791,-19.738249319788075,-19.644940487763535,-19.55160099567187,-19.458267707515073,-19.364929974771925,-19.27161172215828,-19.1782719716234,-19.08493870726937,-18.991609278129395,-18.898275556357,-18.804936384736017,-18.711605655821835,-18.61827166059711,-18.524938910004717,-18.431606325139875,-18.338277616618534,-18.244942939335107,-18.151608958052183,-18.05827214101015,-17.96493836176517,-17.871607217066035,-17.778273284265644,-17.684941259216444,-17.59160632529943,-17.498273452721033,-17.404939926667915,-17.311607394309004,-17.218273663954317,-17.124940333854425,-17.03160696357019,-16.93827353034065,-16.844940220747947,-16.75160703390561,-16.65827361830721,-16.56494031197123,-16.47160696993319,-16.3782736900825,-16.284940317498577,-16.191607014860722,-16.098273673241547,-16.004940358792396,-15.911607032433418,-15.818273709584172,-15.724940368039265,-15.631607039361533,-15.53827371641832,-15.444940383002828,-15.351607061144135,-15.25827374144943,-15.164940414745143,-15.07160709631871,-14.978273775205,-14.884940458888016,-14.791607136204572,-14.69827381078487,-14.60494047365519,-14.511607117311593,-14.418273726075956,-14.324940274862309,-14.231606727869805,-14.138273023035444,-14.04493906595129,-13.951604708763002,-13.858269721164504,-13.76493374486516,-13.67159622566643,-13.57825630467781,-13.484912655901235,-13.391563232557084,-13.298204878292324,-13.204832730982323,-13.111439305106938,-13.01801308615668,-12.924536377843674,-12.83098201256612,-12.737308344087397,-12.643451665290293,-12.549314822669695,-12.454750340341006,-12.359535914725566,-12.263339981553576,-12.165675901178387,-12.065846574782729,-11.962889257423663,-11.855545000311041,-11.742296118409577,-11.621523485609963,-11.491803501096308,-11.352274466369837,-11.202904516239933,-11.04450233527074,-10.87846419150776,-10.706411410363811,-10.529890053174368,-10.35019572868804,-10.168318954540423,-9.984997963582025,-9.800746388092989,-9.615931279843258,-9.430808515794931,-9.24556324082362,-9.060334820197662,-8.875240382294196,-8.690383541176185,-8.505867501141338,-8.321803455997989,-8.138316756018725,-7.955554201676306,-7.773690903243105,-7.592937527996229,-7.41354734337172,-7.235824897913154,-7.06013481575437,-6.886910487651696,-6.716662514550364,-6.549985576524692,-6.387562708474852,-6.230164852990313,-6.078644032812388,-5.933917733024246,-5.796942716307296,-5.668678069828816,-5.5500379422464,-5.441837594740881,-5.344738410960704,-5.259198978836815,-5.185440133417308,-5.1234292442981415,-5.072886933367637,-5.033314137503671,-5.00403489169707,-4.984247579990159,-4.973077498128868,-4.969624694194577,-4.9730031706819435,-4.982370393566763,-4.996946461035911,-5.0160247445026975,-5.038976361110498,-5.065248298952277,-5.094360260455264,-5.125897876241601,-5.159505859027097,-5.19488156256681,-5.231768251266846,-5.269945263250413,-5.3092282396469335,-5.349461783935233
-20.391537172231196,-20.298261957859268,-20.20495815707878,-20.11165058405083,-20.018301220487505,-19.924934332434972,-19.831601044277924,-19.73829206609271,-19.644933462117482,-19.55160530838505,-19.458264498890834,-19.3649304427889,-19.271599074890965,-19.17827368127084,-19.084942186619337,-18.991604997356646,-18.898272246761195,-18.804937985645935,-18.711619567164625,-18.618281042940605,-18.524947899348128,-18.431605477739538,-18.338272843212053,-18.24494303348184,-18.151608993539668,-18.058277221808627,-17.964940963338876,-17.871609279618625,-17.778274799028445,-17.684943589810107,-17.59160930653059,-17.498275809266005,-17.40494251711326,-17.311608890261063,-17.21827574237145,-17.124942626900847,-17.031609021514836,-16.938275895682338,-16.844942476553108,-16.751609239155194,-16.658275835033713,-16.564942565963197,-16.471609220177974,-16.37827591597388,-16.284942577575666,-16.191609263217604,-16.09827592678128,-16.004942586560844,-15.91160927429638,-15.818275914054931,-15.724942595244078,-15.631609273481047,-15.538275936143826,-15.444942611876503,-15.35160928213114,-15.25827595764836,-15.164942624645798,-15.071609291674166,-14.978275946653001,-14.884942589781113,-14.791609207179045,-14.698275782414006,-14.604942292361127,-14.51160869488949,-14.418274927897956,-14.324940893874324,-14.231606441224605,-14.138271334803465,-14.044935212226457,-13.95159751058117,-13.858257363753108,-13.764913434955584,-13.671563663925419,-13.578204878736662,-13.484832196767545,-13.391438107640228,-13.298011066338207,-13.20453333864161,-13.110977710829976,-13.01730248093544,-12.923443875742494,-12.8293046656883,-12.73473729252236,-12.639519372609339,-12.543319282968312,-12.445650381178373,-12.34581567607718,-12.24285270696352,-12.135503019683078,-12.022249519584728,-11.901473316064997,-11.77174979676513,-11.632214077505552,-11.482829371865202,-11.324401425606489,-11.158331446551417,-10.98625084878681,-10.809698922405554,-10.629951897310011,-10.44802053689347,-10.264625207635756,-10.080288325279597,-9.895363379105937,-9.710104313623543,-9.524688744177418,-9.339253519723075,-9.153901060691458,-8.968724780281722,-8.783815402003823,-8.599264926579417,-8.415178299027327,-8.231676973778946,-8.0489052444964,-7.867035822701576,-7.686278233765873,-7.506885402094567,-7.329161368933806,-7.153470209308053,-6.980245125110191,-6.80999674424353,-6.64331945479944,-6.480896385671378,-6.323498426063992,-6.1719775079431285,-6.027251171288267,-5.890276120740721,-5.762011458618464,-5.643371309888584,-5.535170960200346,-5.438071748289314,-5.352532311804859,-5.278773461455427,-5.216762600740159,-5.166220293196265,-5.12664748031689,-5.097368230773338,-5.0775808984162,-5.066410876016577,-5.062958015405398,-5.066336482555862,-5.075703721519567,-5.090279772352297,-5.1093582214654205,-5.132309640430781,-5.158581639360199,-5.1876933826145,-5.219231313650895,-5.252839640062609,-5.2882155652780485,-5.325101013970085,-5.363278234100045
-20.764859681478978,-20.671595293424325,-20.57829149264444,-20.484983919616663,-20.39163455605275,-20.29826766800004,-20.204934379842534,-20.111625401657385,-20.01826679768186,-19.92493864394882,-19.831597834454396,-19.738263778351644,-19.64493241045325,-19.55160701683222,-19.458275522164016,-19.364938332903073,-19.271605582308407,-19.17827132119339,-19.084917550100748,-18.991585863579626,-18.898258234784663,-18.804938813278046,-18.711606178742834,-18.61826429902282,-18.524932593325772,-18.43159485094937,-18.33826796460108,-18.244932396352418,-18.151599891987043,-18.058263627916514,-17.964931916264014,-17.871598330314416,-17.778265384906142,-17.684932375136967,-17.591598862021318,-17.498264975398985,-17.404932017713733,-17.31159850856953,-17.218265241067847,-17.12493172254201,-17.031598541371736,-16.938265058446756,-16.844931775673473,-16.751598423522747,-16.658265061981865,-16.56493171156604,-16.4715984114835,-16.37826508681609,-16.284931737856972,-16.191598449953,-16.098265110187988,-16.004931766612174,-15.911598465260386,-15.818265129792682,-15.724931814844496,-15.631598485312603,-15.538265167109076,-15.444931841993569,-15.3515985190498,-15.258265185587984,-15.164931842132932,-15.071598480461677,-14.978265078246713,-14.884931616590768,-14.791598055564904,-14.698264333757908,-14.604930355779757,-14.511595973399093,-14.418260953162388,-14.324924938108273,-14.231587370310528,-14.138247389578725,-14.04490366784006,-13.951554154477869,-13.858195690232458,-13.764823408729395,-13.671429819400828,-13.57800340213821,-13.48452645376342,-13.390971798380086,-13.29729777905225,-13.203440673696031,-13.10930330513424,-13.014738156560808,-12.919522848141431,-12.823325669756194,-12.725659704128049,-12.625827340636397,-12.522864944873383,-12.415512165164095,-12.30224943172621,-12.181455766120475,-12.051707042252668,-11.912144084754223,-11.762740778949155,-11.604309925112288,-11.438240021810469,-11.266131998754068,-11.089531349550313,-10.909760645091398,-10.727777201428243,-10.544329575401191,-10.35991319859177,-10.17490028075802,-9.989531983671297,-9.803985178967103,-9.618377911603478,-9.432817705078625,-9.247385815931507,-9.062156570727717,-8.877212822924214,-8.69264045751788,-8.508539300934169,-8.325027781009148,-8.14224982854792,-7.960376731241414,-7.779616619142827,-7.600221816812933,-7.422496839306724,-7.246804758323998,-7.073579444080514,-6.903330667907792,-6.736653133865708,-6.574229970721884,-6.416831865828203,-6.265310943808069,-6.1205845743446154,-5.983609485482219,-5.855344793995279,-5.736704641690094,-5.628504320967598,-5.531405064867246,-5.445865641239852,-5.372106781314521,-5.310095923271279,-5.2595536218468215,-5.219980804979435,-5.190701554787161,-5.170914281055576,-5.159744121874874,-5.1562914313370545,-5.1596699301408835,-5.1690371977617975,-5.183612988450297,-5.202691393016473,-5.2256427609040434,-5.251914789822538,-5.281026389113135,-5.31256453897837,-5.346171839499342,-5.381547734913232
-21.138495100073893,-21.044928628210055,-20.95170905015395,-20.858249326901575,-20.764858317360613,-20.67155681102995,-20.57823206850992,-20.48492998188373,-20.391576939789633,-20.29827197873353,-20.204961350584288,-20.111621457679075,-20.018285381909507,-19.924940351615604,-19.831602468889916,-19.738266515016534,-19.644938917081976,-19.5516046559669,-19.458389124610388,-19.365037249998213,-19.271679753780184,-19.178272148045654,-19.084938368780378,-18.99164668441643,-18.89830549318204,-18.80499141213654,-18.711626557001804,-18.61830608650653,-18.524966723974657,-18.43164972960338,-18.33830781374765,-18.244975117546485,-18.15164019172546,-18.05830498845859,-17.964972844827656,-17.871642190040376,-17.778306636277108,-17.684974553634415,-17.59164069050268,-17.498308300360932,-17.404974260059852,-17.31164164964666,-17.21830808121566,-17.124974923940993,-17.031641678220193,-16.9383084544438,-16.844974993280378,-16.75164162401543,-16.65830840027484,-16.564974849973066,-16.47164160329909,-16.378308358842073,-16.284974915534633,-16.19164163581105,-16.098308275411895,-16.004974997040406,-15.91164165960099,-15.818308355794363,-15.724975026474189,-15.631641720196736,-15.538308401589264,-15.44497505819272,-15.351641713264366,-15.258308327889598,-15.164974883593917,-15.071641343835328,-14.978307647992988,-14.884973699349258,-14.791639359988602,-14.69830438653343,-14.604968429713205,-14.511630934315123,-14.418291038095457,-14.324947419415253,-14.23159802871166,-14.138239706231028,-14.044867587252321,-13.951474178347047,-13.85804795150979,-13.76457118769858,-13.671016682238603,-13.57734272427243,-13.483485502603997,-13.389347691517271,-13.294781535682427,-13.199564281604305,-13.103363657256292,-13.005691947311188,-12.905850512515658,-12.802874629076811,-12.695503308521927,-12.582217837614998,-12.461400986386236,-12.331635864629249,-12.192071285372943,-12.042681586192467,-11.884262458986267,-11.71817377919457,-11.546018475330003,-11.369396798306061,-11.189614690094068,-11.007572580469036,-10.824094903720061,-10.639615480603625,-10.454526850837668,-10.269072503080318,-10.083418742253741,-9.897672722403305,-9.711944940928705,-9.5263026600294,-9.340815399985583,-9.155553271357535,-8.970587941707578,-8.786000581598783,-8.60188955864826,-8.418373357828244,-8.23559062630178,-8.053714441658261,-7.872953092699443,-7.6935572067182205,-7.515831584943888,-7.3401389965954245,-7.166913378279144,-6.996664370007102,-6.829986820752993,-6.66756341966115,-6.510165345851098,-6.358644388397779,-6.21391786873483,-6.076942866113062,-5.948678210551424,-5.83003804171373,-5.721837673500319,-5.62473843334604,-5.539198981540123,-5.465440131069751,-5.403429205788596,-5.352886993335681,-5.31331414726545,-5.284034966428979,-5.264247619026485,-5.253077519010037,-5.249624692295568,-5.253003057637993,-5.262370289861768,-5.276946615383096,-5.296025159743911,-5.318976752119773,-5.345248628378567,-5.3743606136691575,-5.405898726987608
-21.511916302383366,-21.418261962487815,-21.325042384432713,-21.23158266117981,-21.138191651638728,-21.044890145307434,-20.951565402787832,-20.858263316161608,-20.76491027406684,-20.67160531301147,-20.57829468486237,-20.484954791955534,-20.39161871618715,-20.298273685892507,-20.204935803157838,-20.1115998492846,-20.018272251351128,-19.924937990236764,-19.832009282674115,-19.73860192053595,-19.645199670346273,-19.551605482312382,-19.458271703043078,-19.365077923949485,-19.271717796724587,-19.178452152785376,-19.085011268343884,-18.991722308471154,-18.898366914948284,-18.80509092687903,-18.7117281487994,-18.618396172231858,-18.525058433473067,-18.43171822435916,-18.338389043679335,-18.24506464513454,-18.151723837018398,-18.058394864366335,-17.965059771467544,-17.871729662656684,-17.778393814090354,-17.685062939627354,-17.591728860939888,-17.498396094050076,-17.405063037857204,-17.311730108961154,-17.218396330269854,-17.125062843453495,-17.03172989185081,-16.93839578726837,-16.845062747335575,-16.751729692124186,-16.658395966208783,-16.565062790931364,-16.47172934306883,-16.378396157496585,-16.285062772648466,-16.19172950840869,-16.098396153607734,-16.005062885421648,-15.91172958694595,-15.81839623535497,-15.725062937723461,-15.631729598166682,-15.538396224123886,-15.445062794323812,-15.351729272510857,-15.258395589103925,-15.165061683933654,-15.071727365778402,-14.978392433096014,-14.88505652615734,-14.791719078062478,-14.698379247366397,-14.605035700061054,-14.5116863818919,-14.418328135247526,-14.324956082748308,-14.231562713350028,-14.138136470575962,-14.044659590469877,-13.951104785610163,-13.857430223472505,-13.763571894596858,-13.669432168409557,-13.574862823438238,-13.479640418366365,-13.383431707186183,-13.285747690451338,-13.185888257593351,-13.082887480743015,-12.975484511575216,-12.862163952431393,-12.74131700636036,-12.61153995243772,-12.47199264165774,-12.322643110090558,-12.16425056079205,-11.998130317050913,-11.82590976594825,-11.64928709396723,-11.469506483989559,-11.2873983981442,-11.10391038258507,-10.919379674072607,-10.734225073246536,-10.548703623909716,-10.362963508236467,-10.177104834384243,-9.991242129249523,-9.8054263960008,-9.619731030716506,-9.434211426717916,-9.248928614893469,-9.06394751856577,-8.879351417366511,-8.695236143088602,-8.511712877214169,-8.328927936821323,-8.147051973338897,-7.966287786862355,-7.786892021173907,-7.609165743806702,-7.433473103606825,-7.260247184774392,-7.089997642901971,-6.9233203740167975,-6.760897004311605,-6.603498702687525,-6.45197761188786,-6.3072512480983365,-6.1702761648601125,-6.042011569592222,-5.9233712982945335,-5.815171014393705,-5.718071794402911,-5.632532245736799,-5.55877356899409,-5.496762690455707,-5.446220177692258,-5.406647570222004,-5.377368368463077,-5.357580764269718,-5.346410642656932,-5.3429582885312845,-5.346336380546539,-5.355703404270609,-5.370279262527747,-5.389357471062801,-5.41231005569005,-5.438580402680693
-21.884792889268855,-21.791595296436025,-21.698038925437167,-21.60478017198981,-21.511744160195892,-21.418400273265704,-21.325041338765732,-21.231596650109335,-21.13828999460816,-21.0449012319703,-20.951597837463392,-20.858263781360264,-20.764912777675363,-20.67162285930797,-20.578256361175825,-20.484943488515665,-20.39160558521988,-20.298271324119494,-20.20469050686452,-20.111405098503724,-20.01811606781697,-19.92493881622749,-19.83160503694024,-19.738187049763095,-19.64487030556182,-19.551498477732668,-19.458228914048085,-19.36486896740757,-19.271548430531816,-19.178181304169154,-19.084865130060276,-18.99153128054459,-18.89820080888321,-18.80487182735279,-18.711535755720153,-18.618197120603458,-18.52486829234502,-18.431532312717305,-18.338200064916823,-18.24486480232201,-18.15153296989594,-18.0581981852171,-17.964865288916744,-17.871531613238176,-17.778198132429488,-17.684864574817006,-17.591531508984982,-17.49819827597596,-17.40486471507247,-17.311531857938437,-17.218198367022634,-17.124864896012934,-17.0315318167305,-16.93819842762398,-16.844865202034406,-16.75153182862921,-16.658198587616692,-16.564865286152628,-16.471532057436114,-16.378198790982047,-16.284865562675133,-16.191532383725352,-16.09819919548837,-16.00486604597611,-15.911532924604058,-15.81819982417846,-15.724866735323962,-15.631533642011615,-15.538200485851231,-15.444867222760262,-15.351533722170513,-15.258199795352933,-15.164865141044448,-15.07152925833061,-14.978191369974702,-14.884850248351906,-14.791503964364733,-14.698149512775487,-14.60478221856813,-14.51139482871206,-14.417976115787527,-14.324508738029028,-14.230965955882487,-14.13730662993635,-14.043467625843075,-13.949352382223903,-13.854813917795944,-13.759630073921333,-13.663468586735714,-13.565840393582903,-13.466042853056699,-13.363102778397076,-13.255744636682557,-13.142429900100135,-13.021523798527964,-12.891612316423375,-12.751890998111838,-12.602426456435046,-12.444085602466068,-12.278141017077784,-12.105945432741212,-11.929131290353045,-11.749411461134926,-11.56727970321472,-11.383770179055373,-11.19914250615479,-11.013957758941256,-10.828377144286895,-10.642601159152175,-10.456627493525536,-10.270658448779455,-10.084731581650054,-9.89885789925779,-9.713133696062787,-9.527595184063685,-9.342294113506558,-9.157295157168534,-8.972696564529679,-8.788576626530473,-8.60505089114723,-8.422266180247139,-8.240385148225483,-8.059623222773382,-7.880225960886654,-7.7025001131957,-7.526805981349011,-7.353579964539006,-7.183331552209717,-7.016653287706963,-6.854229957102112,-6.6968323879390015,-6.54531098570583,-6.400584472088284,-6.263609695115546,-6.13534497017049,-6.016704542627657,-5.908504223434539,-5.811405270528475,-5.725865621646318,-5.652106625673538,-5.590095788802669,-5.539553497031079,-5.4999810245060905,-5.4707012710283305,-5.450914579756278,-5.43974389346043,-5.436291842522381,-5.439669667674885,-5.4490367648800655,-5.463612563754538,-5.4826926677425325
-22.256946538702465,-22.164928630169193,-22.072046106443867,-21.978385194489423,-21.884858319318354,-21.791380090919056,-21.6982320704696,-21.60492998384167,-21.51171611639331,-21.418384245001594,-21.32487081479603,-21.23159711509348,-21.138285383865956,-21.04492451467958,-20.951615247177756,-20.85829743396412,-20.764955544434144,-20.671604657996323,-20.575873948058735,-20.48300321608278,-20.390042015493616,-20.298277826736186,-20.20493379189743,-20.110784734197836,-20.017613101029916,-19.923872453952814,-19.831174033555836,-19.73757468226722,-19.644377945418245,-19.550700202916257,-19.457543012506697,-19.364202756353222,-19.270892843615222,-19.177600771023833,-19.084243202466947,-18.99085708731565,-18.897568403151045,-18.804208550862676,-18.710885907420398,-18.617533284476895,-18.52421518639699,-18.43086720570222,-18.33753815384498,-18.244201526881803,-18.150866608584955,-18.057530784199283,-17.96420010856653,-17.870867753180512,-17.77753215974906,-17.684203459582253,-17.59086837956215,-17.497533419035467,-17.40420244336594,-17.310868213746673,-17.21753559746672,-17.12420144130875,-17.03086847784411,-16.93753479548872,-16.844201647877025,-16.750867984462136,-16.65753447026391,-16.564201232990875,-16.470867592210606,-16.377534052275323,-16.284200473994524,-16.19086682894723,-16.097533075443653,-16.004199235557863,-15.910865053857963,-15.817530707205938,-15.724195909253943,-15.630860494134826,-15.537524265689582,-15.4441867174901,-15.350847275436806,-15.257505036315866,-15.16415856406462,-15.070805735368962,-14.977443314548152,-14.884066360101414,-14.790667316944923,-14.697234694807154,-14.603750896455304,-14.510189058501032,-14.416508156959344,-14.322645648497927,-14.228506389917552,-14.133946221515904,-14.038748083186453,-13.942588259779725,-13.844991044611719,-13.74527275583044,-13.64248317089174,-13.535366039289904,-13.422379853475276,-13.301834686772512,-13.172185184490598,-13.03244920538895,-12.882611026245861,-12.723770192042247,-12.557742633986415,-12.386020135190487,-12.209253639708399,-12.029111543562895,-11.847350504331517,-11.66350342049193,-11.478988459516753,-11.29383176356916,-11.108157873719327,-10.922242387813048,-10.736270701090147,-10.550195706402121,-10.364175115604048,-10.178178945930469,-9.992276633401435,-9.806512233915623,-9.620954627516602,-9.43564021150001,-9.250636091718917,-9.066042611494447,-8.881918559074952,-8.69838467630781,-8.515600572008772,-8.333723791687422,-8.15295756466658,-7.973560794162039,-7.795833324303082,-7.620141016573122,-7.446915090124752,-7.276663943759226,-7.10998671266637,-6.947564298567652,-6.7901659193458945,-6.6386440821851895,-6.493917598487198,-6.356943246820781,-6.2286783755334945,-6.1100379170599535,-6.001837584903714,-5.90473841333858,-5.819199181370732,-5.7454404550141485,-5.683429566290159,-5.632887259416032,-5.593314077112791,-5.564034389505112,-5.54424702856907,-5.533078213925951,-5.529623869560486,-5.533003919669285,-5.542371326521945
-22.632875333809956,-22.538261963764004,-22.44537944003732,-22.351718528080273,-22.2581916529107,-22.16471342451254,-22.071565404062014,-21.978263317435108,-21.88504944998769,-21.79171757859497,-21.698204148388868,-21.604930448686044,-21.511618717459417,-21.418257848274045,-21.324948580681273,-21.23163076748402,-21.138288877967685,-21.044937991540902,-20.95771754834479,-20.86319523291125,-20.76890387445116,-20.67161116030799,-20.578267125453426,-20.48701557978992,-20.39328296014697,-20.30097789604154,-20.20602693152424,-20.11336058177964,-20.019689088021934,-19.927226174314352,-19.833450772915903,-19.740131829306122,-19.64673858649408,-19.553298228904332,-19.460028429191556,-19.36682764924201,-19.273383311424016,-19.180115588064982,-19.086756517363803,-18.99347148005213,-18.900099814602974,-18.80680326437253,-18.713459099970663,-18.620134043062166,-18.526804745597293,-18.433477664514637,-18.340137590558882,-18.2468017630926,-18.15347424474556,-18.060129138499924,-17.9668002005904,-17.87347086611163,-17.780131539985728,-17.686800427615943,-17.593465242604463,-17.5001339100518,-17.406799572116164,-17.313466996807076,-17.22013303801997,-17.12680036035756,-17.033467235417383,-16.940133355616947,-16.84680039851855,-16.753467065299116,-16.66013365909458,-16.56680020570347,-16.473466714480256,-16.380133006532624,-16.28679954965795,-16.193465630820622,-16.1001315822759,-16.00679724557488,-15.913462249189118,-15.820126569766861,-15.72678969293822,-15.633450928848719,-15.540109393124606,-15.446763590958778,-15.353411243532815,-15.260048886603425,-15.166671246961506,-15.07327012305472,-14.979833047127066,-14.886340861126383,-14.792764247105064,-14.699058347414885,-14.605154729356325,-14.510949340641716,-14.416284786026777,-14.320924976986534,-14.224520163486535,-14.126562051906395,-14.026332913802804,-13.922862127325596,-13.814918561928325,-13.701080972278971,-13.579919133653211,-13.450254843972903,-13.311363703914036,-13.16295260257104,-13.005023552935796,-12.838261654346521,-12.665160667481366,-12.489090195015098,-12.309544364955508,-12.126800763236718,-11.943665221348272,-11.759057653797548,-11.573627343796383,-11.388037779089778,-11.202111261748472,-11.016020462091493,-10.829900581197652,-10.643635723146696,-10.457540245969458,-10.271509915277631,-10.085613657070306,-9.899850206009734,-9.714308806017906,-9.529004040854934,-9.343970143752436,-9.159366020505285,-8.975256446856802,-8.791728225569393,-8.608933203414818,-8.42706005277272,-8.246295512940874,-8.066893144229267,-7.8891647767415725,-7.713472062116127,-7.54024842866904,-7.369999829540107,-7.203320832093191,-7.040897937864504,-6.88349871958212,-6.731977378908946,-6.587251104605882,-6.450275724356297,-6.322011828475768,-6.203370728742609,-6.0951713317612315,-5.998072327090684,-5.912532827533441,-5.838773983709432,-5.776763300888342,-5.726219842390026,-5.6866482729892,-5.657369085086378,-5.637579717096596,-5.626410016546877,-5.622959815606333
-23.010769681196173,-22.911595297266185,-22.817366122907295,-22.72559574954744,-22.631086968745564,-22.538400274096194,-22.444613673897308,-22.351596650939396,-22.258011750166656,-22.16490123279842,-22.07177895784022,-21.978263782189675,-21.88503060653477,-21.791527831985054,-21.69828191453229,-21.60492287925835,-21.511588961728624,-21.418244506162964,-21.339265184705194,-21.243107506632864,-21.147539650324052,-21.04492178745889,-20.951618774851532,-20.863112469005593,-20.768824119683387,-20.677900988241397,-20.58080146381501,-20.48902773797277,-20.394900045575664,-20.303596148643724,-20.209227890613185,-20.115932630787423,-20.022460833169013,-19.928878630329457,-19.83569108199078,-19.742668672232952,-19.64907456108669,-19.555896059781098,-19.46250084603353,-19.3692809913541,-19.275857934572752,-19.18261072683529,-19.08925211376568,-18.99593800844471,-18.902614259957755,-18.809295445910777,-18.715946325247227,-18.622607176732053,-18.529287369071113,-18.435926569397868,-18.34260346048204,-18.24927953633882,-18.15593218854498,-18.0626040063955,-17.969266287862702,-17.875937607711077,-17.782601846646845,-17.689270231288376,-17.595935352937538,-17.50260344674464,-17.409270491856052,-17.31593573760214,-17.222603111505467,-17.129269579582793,-17.035935845850133,-16.94260195865253,-16.84926795748,-16.755933427201736,-16.66259948206669,-16.569264502741138,-16.47592933945472,-16.382593747795354,-16.28925707492387,-16.195919607993297,-16.10258069882847,-16.009239616547045,-15.915895682329463,-15.822547582007084,-15.729193396160566,-15.635830329998099,-15.542454288837035,-15.449058853775872,-15.355634586917116,-15.262167103264222,-15.16863465985678,-15.07500424630051,-14.981225875598877,-14.887223942045523,-14.792884420155595,-14.698036469806478,-14.60242648047956,-14.505683686568787,-14.407278354917587,-14.306479485077757,-14.202329386370007,-14.09366585318574,-13.97922694811273,-13.857840536762007,-13.728605395592608,-13.590857553489801,-13.443797729430583,-13.286300538067046,-13.1183994256826,-12.94421817279458,-12.7692075990273,-12.589819803482092,-12.406374818963886,-12.2237202575608,-12.03922593246554,-11.853540562722845,-11.66801269855868,-11.481979233860452,-11.295861364018656,-11.10969460475547,-10.923178272502394,-10.73702103625573,-10.550881081751868,-10.364879470498137,-10.178952565125032,-9.993235854075854,-9.807689685079533,-9.622292549844222,-9.437299876300331,-9.252727453947724,-9.068596020122623,-8.885055142964346,-8.702282043980494,-8.520397281946169,-8.339633098826331,-8.160229990796214,-7.9824957587530285,-7.806811120726714,-7.633584725807182,-7.463334819208565,-7.296655197384413,-7.134228041777223,-6.976830208232014,-6.8253120597256425,-6.680586180683308,-6.543609418099454,-6.415344452893824,-6.296705353946654,-6.188505022998723,-6.091405257306841,-6.0058668034121725,-5.9321060426459535,-5.870094574248288,-5.819553936310116,-5.7799824123823065,-5.750701005375074,-5.730915030503485
-23.389238630185318,-23.28492863070848,-23.19069945634765,-23.098929082993354,-23.004420302189146,-22.911733607540196,-22.817947007343346,-22.724929984382506,-22.631345083608064,-22.53823456624275,-22.445112291283806,-22.351597115630586,-22.258363939977933,-22.16486116542884,-22.071615249638203,-21.978256214042045,-21.88492229625263,-21.791577840479285,-21.72974320449514,-21.630170454794893,-21.53188384604213,-21.41825512127092,-21.324952108891463,-21.24215823907474,-21.146753711995743,-21.058695988637645,-20.95711462276917,-20.86718793218009,-20.772118700627676,-20.683230802595382,-20.58763022921847,-20.49437739268781,-20.400739920373137,-20.30686313983598,-20.21384988692451,-20.12119596343723,-20.027292338075366,-19.934296988081652,-19.840829324072843,-19.747743866214186,-19.654214270987115,-19.56106933035935,-19.46768064554961,-19.37438953267,-19.28107694408651,-19.18777549290705,-19.09440764363097,-19.00106154732719,-18.907757748770642,-18.8143642546554,-18.721053280947537,-18.62774044750986,-18.534376369397588,-18.441054233883694,-18.347711217700187,-18.25438791801885,-18.161049132494526,-18.067719357207174,-17.9743824177929,-17.881051914909165,-17.787719043078198,-17.694382154122035,-17.601049820960306,-17.507715375191985,-17.414380335955506,-17.321044777307648,-17.22770874450232,-17.134371291148256,-17.041034806999146,-16.947695699783992,-16.854355783277345,-16.761014488903353,-16.667670376198135,-16.57432411072258,-16.48097439912086,-16.387619918733698,-16.294259709539965,-16.20089183351976,-16.107513689489974,-16.014121817145135,-15.920711576970545,-15.827275870221719,-15.73380508269762,-15.640285149247237,-15.5466957752536,-15.453007245787209,-15.359176086465691,-15.265138457473057,-15.17080046978122,-15.076024657625293,-14.980610954225249,-14.884272035303889,-14.786603627188736,-14.687054870649167,-14.584910989689664,-14.479310207179255,-14.369321972232408,-14.254093481503835,-14.132996360223562,-14.00556619372572,-13.870923513067412,-13.726705296916679,-13.569173324540673,-13.397941281998436,-13.22201218713301,-13.050079783310489,-12.87015203311418,-12.685743983329303,-12.503698608946204,-12.31990231757596,-12.133708015577321,-11.948303450743548,-11.761865882982129,-11.575925363479715,-11.389706271832976,-11.202661609370752,-11.016529284697198,-10.830282965176915,-10.644231470133647,-10.45818542739766,-10.272384921774295,-10.086667687558968,-9.90090974781657,-9.71560507860164,-9.530702835349297,-9.346064375610815,-9.161907259694786,-8.978421453031523,-8.795618538674155,-8.61374034394,-8.43297359353835,-8.253569119182202,-8.07584307178999,-7.9001333447714694,-7.726909283213577,-7.5566707923877,-7.389981894622576,-7.227566298029658,-7.070161956912199,-6.91864129921032,-6.773915116341499,-6.63694519316529,-6.508675757817346,-6.390036635049749,-6.281839672638176,-6.184736402712207,-6.099197346637682,-6.025442540573857,-5.963426670514485,-5.912889182852753,-5.873313174153139
-23.72720167804126,-23.658261964111798,-23.565379440388135,-23.471175320756675,-23.37950836316035,-23.28506694094435,-23.192421719806173,-23.09826331778666,-23.00504945033951,-22.91126869572275,-22.817962806980418,-22.724930449036957,-22.631383136311637,-22.538447953456423,-22.44505080402392,-22.351589545803844,-22.258189136030555,-22.164964812595883,-21.9981446556983,-21.918096621682245,-21.835754324614115,-21.79161116064862,-21.698267125794416,-21.578419988533653,-21.49011021161583,-21.38409516988499,-21.310830587643164,-21.20907437836037,-21.120002471349988,-21.015835443452467,-20.927982909984234,-20.834458008965626,-20.74186264458404,-20.64986076916197,-20.555741806252826,-20.460752345146705,-20.368807615782536,-20.27465160381848,-20.181643738729754,-20.087707307429472,-19.994851324352684,-19.901059692471225,-19.8078613632418,-19.714424907110644,-19.621040972917076,-19.52762994073069,-19.43438046040675,-19.34107818405328,-19.24767278217873,-19.154485768978045,-19.061097800639835,-18.967714337234064,-18.874455551751765,-18.7810945436464,-18.68778426849627,-18.594425937202548,-18.50110509361866,-18.407762181029888,-18.314436457851127,-18.22109478232627,-18.12775854082048,-18.03443165405553,-17.941093128548918,-17.847759080122835,-17.754425646937662,-17.661092435350604,-17.56775908479947,-17.47442757327178,-17.381091655520937,-17.28775957794132,-17.19442624279671,-17.10109217956798,-17.00775979697205,-16.914426025941907,-16.821092128324565,-16.727758829507124,-16.634425108317945,-16.541091152380844,-16.447757096440288,-16.3544227880785,-16.261087508144154,-16.167751590494184,-16.074414206874,-15.98107470739852,-15.887731837750973,-15.794383949833078,-15.701028284479364,-15.60766041245866,-15.514273538022438,-15.420856421044732,-15.327390805008207,-15.233845529919243,-15.140165853111961,-15.046251969870827,-14.951914679917481,-14.85678467169312,-14.760130257695502,-14.660518337215896,-14.555291497860162,-14.440126416432323,-14.309717552949374,-14.161058414058314,-13.99807843404512,-13.831985560626537,-13.673043130805858,-13.513602217344085,-13.329711003806832,-13.144497043149304,-12.971330315095218,-12.780816936746815,-12.596843113063242,-12.413861228734248,-12.227005306590119,-12.040408093737943,-11.855100080322257,-11.668562366618652,-11.483398487307834,-11.297168302057068,-11.11066111079161,-10.923915781266539,-10.737715302383197,-10.551778093672638,-10.365511747358484,-10.179949496609344,-9.994465634284479,-9.808883074602184,-9.624069474750042,-9.43946696545836,-9.255248999242063,-9.071673275966043,-8.888897629433187,-8.707020342506095,-8.526266146363191,-8.346889157576527,-8.169151670122027,-7.993472308565721,-7.820260535406612,-7.650001899504925,-7.483324450870388,-7.32089900270583,-7.163505631118547,-7.0119815076462935,-6.867251619127286,-6.73027122957129,-6.602016304798575,-6.483372159813917,-6.375174561697783,-6.278072428075645,-6.192531264888232,-6.118774354414324,-6.0567599499811
-24.11315144979855,-24.031595297494707,-23.941418667143644,-23.844508654137265,-23.751086968975667,-23.65981722331889,-23.563475286890107,-23.471596651166724,-23.37912580268824,-23.285800083603583,-23.19226231313331,-23.097874455199733,-23.00503060676292,-22.911527832214027,-22.81797536328679,-22.724922857925865,-22.631788482571423,-22.53829813214316,-22.385635081613394,-22.307833957451347,-22.22585843238009,-22.16498990458882,-22.071600449725103,-21.964716795496795,-21.874649315921747,-21.772368666493506,-21.692193363193372,-21.593988111932482,-21.50324952154976,-21.40287651538575,-21.3132856408906,-21.219829640996636,-21.12698998134059,-21.034486621567204,-20.940660010439352,-20.84626430230019,-20.753825919579153,-20.65996483902587,-20.56684224769003,-20.47311764878257,-20.38009577339503,-20.28646357867567,-20.193217934713964,-20.099817678641624,-20.006452339457255,-19.913067676354366,-19.819789859545526,-19.726476620379877,-19.633096822870538,-19.539859562919126,-19.44649113125107,-19.353126128692693,-19.259842376838197,-19.166492226703124,-19.073175433691407,-18.979827631362244,-18.886504806677575,-18.793168135699727,-18.69984334746636,-18.60650906832981,-18.51317936911122,-18.419857080878494,-18.326528861682696,-18.233205616796596,-18.13988528824185,-18.046568236556443,-17.953254984275237,-17.859947727288066,-17.7666435980332,-17.673349345429024,-17.58006345975037,-17.486788479465197,-17.393528677784317,-17.300285464913276,-17.207063841387242,-17.11386945195978,-17.020708086060026,-16.927587830698677,-16.83451863718576,-16.741512625864377,-16.648584492639735,-16.555753115411193,-16.46304108516857,-16.370476449755497,-16.278093417342216,-16.185933730497933,-16.09404762835165,-16.00249476494891,-15.911344361756946,-15.82067321015464,-15.730559598470071,-15.641068187305793,-15.552216917247952,-15.46390804494957,-15.375791266454097,-15.287006881212578,-15.195754511632996,-15.09873319288506,-14.990901406401266,-14.866705718734268,-14.72360936262543,-14.565713119573118,-14.403520340386295,-14.24994683828735,-14.113222967247534,-13.978268948815185,-13.797533121074972,-13.592751348645132,-13.435896340188906,-13.24366795123523,-13.069294202808225,-12.871747996851441,-12.6877026255086,-12.5026194302899,-12.323657927234203,-12.132060699837703,-11.946443828261483,-11.76446048655973,-11.576572007135118,-11.390906221036468,-11.204543733438426,-11.018035635457583,-10.830712942100899,-10.644412421458336,-10.459429034085442,-10.273616603600233,-10.087356777548433,-9.902441006271028,-9.717528143270245,-9.53269984966484,-9.348468713624742,-9.164977165392463,-8.98218722866999,-8.800321078387487,-8.619673491652877,-8.440271466847776,-8.262518278630731,-8.086783500400168,-7.913596661094277,-7.743345290679929,-7.576668171759166,-7.414239601261047,-7.256846107495661,-7.105313217438663,-6.960577686117864,-6.823605119393128,-6.69535240225667,-6.57669947124384,-6.468510223212686,-6.371406391134066,-6.285860891352854
