-2.592187488313761,-2.6995154167773956,-2.828007849285788,-2.983737579748098,-3.1669478898300207,-3.321013228889098,-3.303986442824816,-3.1903008024261843,-3.0906452071116663,-3.018264241663793,-2.967140489711107,-2.931463514333852,-2.9072472711924666,-2.89192441167084,-2.88393273558359,-2.882451770694453,-2.887249369587075,-2.8986012303861335,-2.917266039280767,-2.9445154011679957,-2.982233464177931,-3.033122984013081,-3.1010944692309357,-3.191991094874579,-3.31489042744895,-3.4835283227578175,-3.70441554781427,-3.8443856457989347,-3.74607911283869,-3.6571039480155565,-3.6506760136031122,-3.7366666239899473,-3.9459652572937847,-4.236905809350395,-4.082204392168329,-3.9902141165136427,-4.1110910910746705,-4.478865573808227,-4.302844946834964,-4.257851446582352,-4.623566777977051,-4.476504010292205,-4.507966042944551,-4.802867311280961,-4.595924933239149,-4.969788720509231,-4.7486160404057545,-4.932682607537339,-5.0895591551164525,-4.923091301848325,-5.067849594692183,-5.357714976466781,-5.475866182633554,-5.474758845852713,-5.556293264472358,-5.690891908619154,-5.576262152161405,-5.457307427917625,-5.724508818980544,-5.646960786963237,-5.973043406234886,-5.763747457926598,-5.788672993236026,-5.858082720987841,-6.01634544885995,-6.2967442673644785,-6.084090921503686,-6.147750988140197,-6.231339957218037,-6.258154498264936,-6.688819599617003,-6.492397352873131,-6.590652151708595,-6.777454265372286,-6.787969431208622,-6.952727683106875,-6.743341549317611,-6.85447929509202,-6.925639659203515,-6.938977258114775,-7.330567786631556,-7.346066612671423,-7.273476810867704,-7.389442825412419,-7.3263327157494675,-7.446001923549932,-7.732620968350713,-7.622666189324601,-7.53005915458323,-7.592884476060875,-7.653446218345246,-7.925268486600817,-7.790721228483273,-7.980116731167585,-7.931653656022176,-8.196916580279694,-8.065568918720151,-8.416884864612582,-8.281943755367859,-8.375309303041849,-8.325362775117359,-8.436103132623526,-8.712742032617523,-8.476851989894879,-8.530868276834864,-8.587290119451723,-8.74764709544289,-8.667091747256517,-8.747417200791332,-8.774725699443922,-8.784455681524827,-8.843789958547342,-8.887202343685797,-8.827249562384957,-8.883008496522363,-8.827242179285273,-8.830618098309182,-8.833496784478967,-8.841849101857807,-8.851119415167009,-8.859135642140238,-8.845225079681349,-8.85318603254898,-8.861315103160296,-8.856991312848077,-8.8563105226105,-8.856647815587609,-8.850083598122659,-8.850386173417071,-8.85061276346972,-8.849705057301113,-8.851968776938486,-8.851345454424003,-8.851409213494982,-8.848407859591969,-8.849023238272904,-8.850511482237312,-8.848781138388977,-8.849057545065312,-8.850440184523498,-8.849696772271521,-8.849734686824107,-8.849954733624358,-8.84945404851839,-8.849527015245489,-8.850427279137325,-8.850177004052322,-8.850039073521799,-8.85029130348692,-8.849834838194685,-8.850215728735648
-2.713668175954638,-2.8090978583584776,-2.9257918993887153,-3.0728597645519855,-3.264458339738364,-3.4933278822696257,-3.5360072270356966,-3.361210763975216,-3.2149556368445547,-3.1133810078816513,-3.0417032363518723,-2.9901268939414076,-2.9528841437613944,-2.9265333877682242,-2.909035999024663,-2.8992794514031353,-2.8968270959353957,-2.9017915041484668,-2.9147874585902356,-2.936951923598395,-2.970040418864971,-3.016635776668266,-3.080553531874033,-3.1676349132831803,-3.287357759983272,-3.455949740095418,-3.695357880346127,-3.901615358689961,-3.7801865815187403,-3.660596875705593,-3.63779005300438,-3.712799031725861,-3.9168360524200354,-4.2699104894889155,-4.1057045526622025,-3.9800239390248704,-4.0839295897202605,-4.486056843249649,-4.318506939398088,-4.238134299770866,-4.607643904526938,-4.487715116773485,-4.481303582370027,-4.852211896285741,-4.575760478299175,-5.022934339634184,-4.72502991605121,-4.9563068543857485,-5.0616694472015356,-4.905792920792484,-5.078847381069858,-5.409577126932778,-5.480300401075194,-5.453302222619021,-5.538020273002409,-5.719576676695129,-5.609537132767361,-5.44833409722259,-5.69391816136245,-5.654321056797603,-5.959105968868682,-5.738773670837943,-5.773491234058449,-5.8412134416097725,-5.986953421027857,-6.3484397363749405,-6.060966980376729,-6.1476531444729305,-6.235535763986843,-6.241491311779795,-6.718469503071306,-6.462477281368601,-6.559494744848839,-6.823489377716222,-6.7568579153768376,-6.93259431360578,-6.74217026650655,-6.864063208007674,-6.897945190132212,-6.918142105206798,-7.379207774779816,-7.39649394272542,-7.2419426868866665,-7.426049407457161,-7.337151684850077,-7.467677989251713,-7.78030748804511,-7.591036623837846,-7.511421388101963,-7.585939025864268,-7.641220896539862,-7.894478446855278,-7.77376316590363,-7.949382993947633,-7.9117786147577,-8.235846679839845,-8.044920784282155,-8.465617832754853,-8.25283354635944,-8.345694329580432,-8.32684448165797,-8.409606727415806,-8.749270756552486,-8.459281239396908,-8.51292179893759,-8.589701200919293,-8.772797898609047,-8.670535310389859,-8.761035437739945,-8.788113796190292,-8.769872760374565,-8.858980661366251,-8.89417022037376,-8.81770512048916,-8.887268692987556,-8.832554798232918,-8.835054600811462,-8.82774992774143,-8.845868207870076,-8.847706177164882,-8.863043414364649,-8.847705318527995,-8.855979106258925,-8.862582282640536,-8.856493522258363,-8.858015630796519,-8.857907454597001,-8.851256817389238,-8.85141713420273,-8.849859372758502,-8.8489709214513,-8.852677890107532,-8.851955232748189,-8.851931140886098,-8.847975066174383,-8.849223157168842,-8.85083540434832,-8.848799861823702,-8.849106607902709,-8.850322367567243,-8.84952218357724,-8.849835233930726,-8.85006467164076,-8.849372631719833,-8.84946245400374,-8.850469246553848,-8.85024784216107,-8.849987686624308,-8.85030612678641,-8.84980015412708,-8.850211322372946
-2.8520561123925914,-2.93677105440855,-3.0416425629866524,-3.176800711112328,-3.362906119231096,-3.6432419502489948,-3.8509051011939452,-3.563682733705378,-3.353832403591848,-3.2192844744770786,-3.1257155714152574,-3.0573963635268813,-3.0063736589953405,-2.9682458366828492,-2.940481878399421,-2.921673179259928,-2.9111731227943194,-2.9089219411627036,-2.915377221522046,-2.9315224473086365,-2.958955923545793,-3.0000925048042553,-3.0585625758941255,-3.1400132620786265,-3.253840161041462,-3.417283869190584,-3.6639056981154803,-3.966933877196604,-3.8352997761467846,-3.670905676084514,-3.6258534635826445,-3.685346275964182,-3.876315033878044,-4.284889687512517,-4.145595778970067,-3.9718079287517485,-4.051016510485346,-4.466998888450228,-4.346936962209551,-4.216709835585837,-4.5690343458507945,-4.509720516898777,-4.449376926861016,-4.929013234720027,-4.553728815525788,-5.099255556494691,-4.698012344505913,-4.9968691579868345,-5.0173782549344335,-4.8878560000036,-5.100684482599198,-5.4852710791540495,-5.457807101999683,-5.410754931785402,-5.497126182259682,-5.728471501716672,-5.664637528096917,-5.441989192742763,-5.649612449288133,-5.670944026417208,-5.920786887674546,-5.709803816039649,-5.758578725884902,-5.823955517372044,-5.9505945518699335,-6.420675436799826,-6.0348013239354845,-6.153696784429185,-6.247654024989436,-6.224539218504875,-6.7290739112227955,-6.425141383042738,-6.519141736290514,-6.895355954249413,-6.712432672574443,-6.890307108894614,-6.746720730932025,-6.883925494060254,-6.864724157184188,-6.895328744152358,-7.433125769885713,-7.470112381286725,-7.200291551207351,-7.485866238618759,-7.358806431357837,-7.50534633833752,-7.831273646727241,-7.5482830371310445,-7.491721849947059,-7.582450362688815,-7.63043187576619,-7.8499902311537735,-7.756398313348286,-7.909934114237955,-7.890279124500054,-8.298482200390286,-8.022259423364238,-8.530005918330811,-8.216119597707968,-8.306615588046121,-8.334897335012819,-8.37693195683171,-8.785999328534844,-8.440269342820933,-8.493081832624416,-8.598382432365769,-8.81162712268357,-8.680132420790686,-8.784027356703662,-8.810168716411809,-8.750220555684537,-8.880524300907819,-8.898554452957963,-8.804001672776401,-8.88936303665944,-8.841545673092048,-8.842645720733614,-8.820012032018752,-8.852278059649295,-8.84229652902854,-8.86808777497604,-8.85169348829898,-8.859877554151499,-8.863527380683943,-8.85515029399236,-8.860067194899402,-8.859266804893064,-8.853001786303894,-8.852928899508136,-8.848669986333398,-8.84788129043402,-8.853591378811181,-8.852767275477747,-8.852607030366954,-8.84743943764692,-8.849594354554961,-8.85128249198976,-8.848917096427074,-8.849249280106186,-8.8501105960807,-8.849281066761373,-8.850005697967855,-8.850233123172071,-8.849290607990246,-8.849400844788166,-8.850501088516635,-8.850342323475568,-8.849909269873375,-8.85030914665222,-8.84976366944114,-8.850192907060713
-3.003523286539313,-3.0795799041780554,-3.1740487916767774,-3.2969387306960374,-3.470026790480102,-3.7574820593966707,-4.360878064161852,-3.7872921505313917,-3.4991412554646275,-3.3319908975589065,-3.217343425864927,-3.1326352270192523,-3.0678017885563875,-3.0176028956190413,-2.9791006550344323,-2.9506432361252752,-2.931404244032137,-2.921166421319268,-2.920233687011029,-2.9294292246234206,-2.9501744735648585,-2.9846758479607285,-3.0362967768617217,-3.110310057263796,-3.215558145808069,-3.368672385186423,-3.606825936330954,-4.000728559904143,-3.9278065899082715,-3.692403490398907,-3.6170042553407615,-3.655769965798007,-3.8254980147421467,-4.249656242705319,-4.214228266349013,-3.9683591199294117,-4.013829220881662,-4.4082444173831465,-4.397517916178015,-4.195611536977194,-4.505280998081896,-4.550495256876226,-4.41385633849513,-5.043961333705539,-4.5319802343120585,-5.187319180600669,-4.6695108709343955,-5.067711295434832,-4.9574348519106,-4.871796275962506,-5.141624111451718,-5.577416935011731,-5.3958688108340205,-5.346286452304591,-5.431803829521725,-5.686601559457987,-5.758823356990526,-5.441926395585401,-5.592925061223139,-5.7040778100584175,-5.854733953870288,-5.678895672624939,-5.746835082240072,-5.80903781289561,-5.909094220814141,-6.496901435780719,-6.007807167035057,-6.171258884803093,-6.274120906909857,-6.210081559609867,-6.688685134469641,-6.382219123285527,-6.471337381938535,-7.003459542180491,-6.656164794194638,-6.824664201220758,-6.762172259353766,-6.9220935806145585,-6.827946650438997,-6.872968467848858,-7.453212352427771,-7.560075193096031,-7.150242726555975,-7.586093874491583,-7.399734613940311,-7.571559976039755,-7.84553681011057,-7.496066946166407,-7.47359273597686,-7.586527259168843,-7.624414329111517,-7.793221385627945,-7.74141519506201,-7.8635363140663666,-7.869661171233126,-8.40040045187133,-8.000004167157497,-8.588196915577857,-8.173534293814885,-8.25960037048581,-8.355126350011064,-8.339794320391736,-8.795982458488457,-8.422211042313977,-8.47358371809918,-8.618522629937324,-8.870065385368507,-8.7007494871437,-8.82195734751433,-8.84555438493061,-8.72583500001101,-8.90896925435942,-8.89543306827213,-8.785853518766565,-8.885936996980051,-8.855938325903047,-8.854874114436136,-8.810393783029951,-8.861936768654159,-8.834368348180876,-8.873960592861811,-8.857723406285833,-8.864938120371711,-8.863467743639672,-8.852428975370911,-8.862210415217424,-8.860405691441901,-8.855434523512338,-8.85500402901745,-8.846919505313961,-8.84637048958813,-8.854657305284668,-8.853760563169315,-8.853402136141154,-8.846849529734055,-8.850218126400426,-8.851854475037559,-8.849209140170492,-8.849548308979408,-8.849763548115721,-8.848972584149404,-8.850273047491532,-8.850474559258918,-8.849233160371938,-8.849364881293308,-8.850501042448983,-8.850458224647205,-8.849797330704325,-8.850285869110033,-8.84973478556343,-8.850150229832598
-3.1635354843074603,-3.2333133488571355,-3.3194771597334465,-3.4312819630585305,-3.5886359071554494,-3.84929465085169,-4.601977345411754,-3.9793249372136796,-3.636829625941439,-3.445766447835526,-3.313872846242602,-3.2146347648757145,-3.13685697196542,-3.0748786761893947,-3.025563642629404,-2.9871324974909736,-2.9586475314314553,-2.939775267947183,-2.9306892310721158,-2.932061250277463,-2.9451303444631916,-2.9718695635549484,-3.0153168455693193,-3.0802377972737984,-3.1745762353165263,-3.313151619734719,-3.529655489224817,-3.9320816124633184,-4.09918584502199,-3.7322332126147186,-3.6144068402129985,-3.6264447139799767,-3.7676326506096256,-4.153130699867368,-4.33979653191366,-3.9740670670123555,-3.9751097484883258,-4.314443464799108,-4.489766170941441,-4.178158257929886,-4.4225328735345775,-4.625830840693776,-4.37782146691371,-5.145132503725408,-4.514104785405021,-5.188024699349554,-4.642913527532691,-5.199376220885692,-4.886837352295423,-4.861803817491181,-5.218215012656961,-5.592368012917398,-5.300315502936177,-5.266185560178368,-5.348724173092926,-5.585988749183762,-5.927212999285993,-5.454348025486345,-5.528469160501116,-5.7677333526251084,-5.768089100527042,-5.649745145019067,-5.743145741084625,-5.801071263137279,-5.8661246867351,-6.4815061214086915,-5.9838712091789175,-6.210051711325081,-6.327000998923195,-6.202832017663868,-6.588059621491167,-6.337467208164034,-6.420026165290523,-7.106465545550237,-6.592733294929937,-6.742495954046901,-6.7978190621646615,-6.994487746527166,-6.791346225066366,-6.8552589092268015,-7.3752500978888325,-7.577680080816312,-7.095910364841737,-7.750932327500967,-7.476883720484526,-7.693958806413006,-7.764153077194903,-7.4386759308978725,-7.461532024865735,-7.605284225551827,-7.628838918914769,-7.728954098955336,-7.7335614887329465,-7.8141099504249505,-7.854243724712891,-8.549616169609667,-7.982359357918704,-8.558109537785827,-8.12883057908791,-8.208529230336516,-8.397763443985628,-8.301796586885612,-8.738207753551288,-8.409345097869165,-8.458469505242945,-8.659398586816629,-8.949014442963895,-8.740853925232962,-8.882819189329851,-8.90001594314241,-8.698759191462674,-8.940251190829759,-8.877801954814169,-8.764284100598571,-8.872258738805712,-8.877432392825689,-8.873191655824467,-8.799868273395084,-8.875334729221873,-8.823864429153108,-8.87941315216145,-8.866090890761491,-8.870689198113222,-8.861277558601534,-8.847746467432758,-8.863775487564473,-8.86065955722782,-8.858498199712681,-8.857567276897846,-8.844576355508101,-8.844479622486258,-8.855677649623791,-8.854795575483555,-8.85417610061528,-8.846344722261362,-8.851168055057148,-8.852496080137003,-8.849774975251762,-8.850079415602112,-8.849246945509792,-8.848625707646187,-8.85065568563767,-8.850788999655936,-8.849247677243218,-8.84939594315771,-8.85043305805812,-8.85057996459811,-8.849652098906954,-8.850214425259638,-8.849732085386968,-8.850070303015029
-3.327716880785108,-3.393462653211767,-3.4734764364719988,-3.5758430987107013,-3.7169908610718077,-3.9364209857151105,-4.296213639560088,-4.069088675285025,-3.7538999779437177,-3.555400986004142,-3.412620787282589,-3.301993997177172,-3.212962145199564,-3.1400876981511945,-3.0803290229245737,-3.031935701805825,-2.9939527601964464,-2.965991278371825,-2.948134357700695,-2.9409269130395006,-2.945435986298052,-2.9633961456527818,-2.997492676058914,-3.051915904989788,-3.133540185451449,-3.2548221598853626,-3.442809070334346,-3.782418859824089,-4.52312250113712,-3.8030380452502417,-3.6226478640539064,-3.6006922061970754,-3.7073785246385063,-4.02454783248244,-4.617948670468976,-3.9959326216008586,-3.938851677762442,-4.204354337331903,-4.6775724166124055,-4.169418097620026,-4.331720058926147,-4.775042985193564,-4.345905437703033,-5.009983785074775,-4.505714904131347,-5.021665191737348,-4.623459177576033,-5.485751588470896,-4.813157094613274,-4.864668215258074,-5.372347914372973,-5.430047281768776,-5.190438788812453,-5.1806521861708905,-5.259201115244229,-5.456704784785355,-6.12588353828294,-5.4903222666804865,-5.46313735992523,-5.89484921894472,-5.673846098893574,-5.628174467761019,-5.755734196476124,-5.807716977368584,-5.8273325102427,-6.319391343082617,-5.969201128133167,-6.289962308981673,-6.433005918437141,-6.210665278429923,-6.458022842390206,-6.296655412317106,-6.371193111311832,-6.993844705887005,-6.529130391177147,-6.655007805416505,-6.872406685278501,-7.140341837209018,-6.760755999153342,-6.849031426242024,-7.22207494957681,-7.421187421109905,-7.04351116303877,-7.835069597742709,-7.633011045460904,-7.947168918288522,-7.612881082221609,-7.382563521651288,-7.462980201480561,-7.6519306557401965,-7.653615468809108,-7.664373375857906,-7.740793397947179,-7.76766555046337,-7.851118440053553,-8.560212557945963,-7.976200079816167,-8.408406083018656,-8.087886679567081,-8.159501714814576,-8.484113637460753,-8.268742390437264,-8.616665334471287,-8.408782036129661,-8.454526150571613,-8.739337952583996,-9.005200437817939,-8.816116137122249,-8.972127304166237,-8.973657384147469,-8.673469516615901,-8.957035259613438,-8.84030084519222,-8.742510979279356,-8.844295513951476,-8.905802542931859,-8.89748189033614,-8.790934081302748,-8.891252256155685,-8.811875556572197,-8.881472420481664,-8.876093581979635,-8.875462271670445,-8.855491152537585,-8.840800836393978,-8.86343918345618,-8.858915916200226,-8.861673917575313,-8.860138682168044,-8.841885806604934,-8.842513518163706,-8.856186916836046,-8.855503488352023,-8.854593189674432,-8.846217067335218,-8.852440601584025,-8.853030749760027,-8.850703539778321,-8.850896922259865,-8.8485730865458,-8.84833352342474,-8.851133376701698,-8.851134880532483,-8.849410172052773,-8.849557844681142,-8.85024690910036,-8.850665954095913,-8.84949342437771,-8.850068465321842,-8.849786297820382,-8.84994263086968
-3.4924802304590328,-3.5560199139859683,-3.6317025553145053,-3.7261062706454164,-3.851271504895689,-4.027008055948232,-4.220139711139828,-4.098299241210033,-3.849844675166115,-3.659066623177127,-3.5120632885617042,-3.393646560707064,-3.2955153418519845,-3.21306584201758,-3.143629291786885,-3.085633739535152,-3.0381996135520097,-3.000946532271984,-2.973913904538784,-2.9575540047697153,-2.9527856018586296,-2.9611186024135003,-2.9848896363612534,-3.0277079969069502,-3.095365128236752,-3.197945130267886,-3.35582587535319,-3.6240448672639234,-4.354142394545039,-3.9298327730133247,-3.648426936801573,-3.582851405261737,-3.649970979884617,-3.894316828821122,-5.131251079429651,-4.0457994986881305,-3.910355686920212,-4.0949827957750005,-5.311016810926733,-4.1771474121964935,-4.243385486243232,-5.171351869069675,-4.3246537808351,-4.766944677536417,-4.515687849556142,-4.820241433255386,-4.619116645274904,-5.589437568284543,-4.744792243137524,-4.891905437160312,-5.796053911725032,-5.224532941062149,-5.083790340671626,-5.100097116199613,-5.174470740980541,-5.329027485746374,-5.842659582214353,-5.572448245575066,-5.4052020408609724,-6.207981025608399,-5.584562002906563,-5.623238935976006,-5.799548394582428,-5.842523160245228,-5.800817110128331,-6.12802206395555,-5.973794202373751,-6.464507513086976,-6.67779933272805,-6.247642788740457,-6.330106992658091,-6.268000161594852,-6.332969935608568,-6.755669486459714,-6.473930594566676,-6.573575579494791,-7.0347751283429645,-7.520974913783658,-6.744954007146079,-6.865767558526303,-7.062704828516506,-7.21809568777765,-7.001318394682031,-7.555682425147502,-8.050106275416319,-8.071979863929672,-7.456494839736989,-7.336110663291284,-7.49090388385336,-7.755537601239623,-7.718089937256393,-7.6082558225271715,-7.777361608464608,-7.732527592163758,-7.87240644954823,-8.300800197270197,-7.9931270710670566,-8.232011119237916,-8.059147401491959,-8.120896823037251,-8.673243771365906,-8.249365661412432,-8.477884993650415,-8.432898103045613,-8.473412777800068,-8.90174987970515,-8.920019201342955,-8.956672329445102,-9.046949031990325,-9.023637392891732,-8.657676762232164,-8.926322713838928,-8.78531090165236,-8.726833126075524,-8.80276653109236,-8.933045645837344,-8.921524619243336,-8.788381226485546,-8.9038690790382,-8.80153070568976,-8.875139858209764,-8.8845061505917,-8.875623049479193,-8.844991517842791,-8.832246234488085,-8.859231450584875,-8.85379466312795,-8.86355219431131,-8.861492106892996,-8.839649536597442,-8.841256302242261,-8.855367457588772,-8.85518122209653,-8.85405561051775,-8.846946890103935,-8.853814032602767,-8.853089552764594,-8.851980175710729,-8.851950223979214,-8.84787184480935,-8.848289648519465,-8.85159386988345,-8.851388791222762,-8.849813120403251,-8.849924068328043,-8.849895117379232,-8.85063658210285,-8.849378230441358,-8.849831038015012,-8.849936726079811,-8.849771821618981
-3.655313811228158,-3.71794880539403,-3.790630601944435,-3.8781574764183957,-3.9877977495252135,-4.123082740022075,-4.226234888757774,-4.131887914837397,-3.9354845021117444,-3.758851073468777,-3.612298441097592,-3.4891885586263673,-3.384096070133191,-3.293574249914725,-3.2154931222662992,-3.1485540613768057,-3.0920159048439753,-3.0455547428263237,-3.0092061051336576,-2.9833638398356803,-2.9688282342270815,-2.966911384758119,-2.979629202757431,-3.0100507242880696,-3.0629762237140934,-3.1464082402847255,-3.2753243278096837,-3.4843210171690897,-3.8983290335362306,-4.15422012712632,-3.7016625781002777,-3.578489837527525,-3.600827492962016,-3.7768385877367328,-4.3459010017791115,-4.145511535558361,-3.89661582801966,-3.9968881882667313,-4.770625389875906,-4.2139354249720915,-4.166229815928602,-5.142627754411173,-4.3235780766278005,-4.564888495513518,-4.559245792146115,-4.649053191466077,-4.6428016491365085,-5.092601002422681,-4.690765148427279,-4.965639287192351,-5.663478772758701,-5.050607560697414,-4.992418637726963,-5.034486636239905,-5.104795846819337,-5.2190060000585525,-5.54203636870964,-5.761895305139628,-5.364697405218087,-6.48519228324881,-5.511185071613965,-5.650237434522236,-5.9071002919206546,-5.933582099618108,-5.7988537656841155,-5.96583391574818,-6.015463029063589,-7.058773804310302,-7.6140993096132235,-6.343450765415616,-6.22117158206903,-6.26387333384625,-6.316920742630599,-6.554922260563209,-6.437929332010926,-6.509227044070196,-7.545883186237072,-7.466142750373053,-6.758158157952205,-6.927381252580602,-6.9270163660659385,-7.046660021677635,-6.980837660653689,-7.2961264971749875,-7.861528167345664,-7.613324356295289,-7.323350356739881,-7.31064186943937,-7.571592584475534,-8.01013952757536,-7.870548432235252,-7.571610648364281,-7.873571683325199,-7.7208365223592486,-7.941895706511339,-8.065643356399722,-8.055430749368037,-8.080050058080333,-8.055423281405346,-8.104683634053881,-9.329178252668537,-8.25766249252572,-8.353937497428253,-8.506610944618405,-8.537967367549202,-9.2281924708377,-8.736165739073844,-9.156165895703118,-8.953985808112298,-8.94176457867622,-8.664103536698864,-8.837788908164773,-8.724821037094056,-8.727918306843383,-8.756012270181737,-8.933905334760787,-8.925438916225202,-8.800155846212652,-8.899904546429138,-8.798917807290174,-8.855573764808089,-8.88391429373478,-8.865944898848515,-8.830574862851815,-8.824670824275106,-8.849406601830035,-8.844545351930922,-8.861566646984667,-8.859472305818935,-8.839518343579334,-8.842143937347146,-8.85220878288582,-8.852864584834979,-8.851803654095457,-8.849105530443627,-8.854638801785685,-8.8521092404361,-8.853294577500806,-8.852924847469215,-8.84749045153265,-8.848794543866232,-8.851765080267514,-8.851308553188854,-8.850506275268971,-8.850523847437488,-8.849385134256503,-8.850379322511067,-8.849417641203923,-8.849529511048685,-8.850208806442247,-8.849602669216123
-3.814763031756822,-3.8773073054521814,-3.9478634396683785,-4.029280578588671,-4.124187720983686,-4.224847253964572,-4.274150357280532,-4.186444302161753,-4.021622984069287,-3.858504611448006,-3.714493012401409,-3.5887823633832703,-3.4785009170160213,-3.381352661939968,-3.295771682240831,-3.220755003366834,-3.1557194425977544,-3.1004175262378633,-3.0549027356068357,-3.0195346291662863,-2.995021685575364,-2.9825090358183686,-2.9837324211065237,-3.001287218960949,-3.0391245573732157,-3.1035554540474726,-3.2055766612574317,-3.3674324703804706,-3.6476067627519013,-4.171456132044765,-3.7953505656648145,-3.594792663805167,-3.565650969400055,-3.678021966232649,-4.031561378664245,-4.328457905503593,-3.9073092298130465,-3.9170965316525765,-4.349440657056089,-4.301953917838353,-4.1083621653651505,-4.597379489873732,-4.3578054379953794,-4.409701204652902,-4.666140850307985,-4.514956219705754,-4.718277774415251,-4.81430856357665,-4.662265205845922,-5.137767006092742,-5.158584446537848,-4.916475858410831,-4.926601394942797,-4.995315443657849,-5.0616089703350164,-5.136720854607508,-5.33549956015333,-6.280615555772504,-5.355827260999653,-5.8102651977373485,-5.465657925452265,-5.739945058375933,-6.177233684043188,-6.159419955961899,-5.843070060345211,-5.842717335355637,-6.1330872807123065,-6.5651555317963295,-6.478313987961118,-6.584738639590028,-6.142317134707141,-6.306031425667979,-6.3422188657013105,-6.405550854024474,-6.4371851007850225,-6.475322429364887,-7.2080338920619536,-6.953558057927835,-6.827705178132843,-7.087651306809765,-6.825653356697309,-6.917782959848919,-7.000814277258889,-7.1117437787056215,-7.397726539655143,-7.337569281021955,-7.224266285473417,-7.3241480125762894,-7.777079655397773,-8.542399837592598,-8.317311594120467,-7.570848768134667,-8.120731793728305,-7.753358999962062,-8.121278446219296,-7.894471315650375,-8.218937893630772,-7.965418926410741,-8.099602831741832,-8.130910439890371,-8.690370243794984,-8.32036414999919,-8.260634231134041,-8.699510605305386,-8.708627568070789,-8.941295357099113,-8.568739897575023,-8.964592792783874,-8.754915075836289,-8.770479148201506,-8.715991250614582,-8.728555394609401,-8.676891529820113,-8.763858626375633,-8.719375373629562,-8.880056464719095,-8.883592871877246,-8.837811538109639,-8.8656830456168,-8.813709901142724,-8.823983342375843,-8.865093630946381,-8.84353854137707,-8.816991300368088,-8.823433301022064,-8.834761773452213,-8.832898112796837,-8.852953462051273,-8.851848990896276,-8.843892597163755,-8.846998251229031,-8.84631689420682,-8.847957216188062,-8.847488257567967,-8.85287895452791,-8.853751028025679,-8.849611110786908,-8.853807054025175,-8.85308135935425,-8.84802746180174,-8.850124096092477,-8.85121470881201,-8.850580569566699,-8.851352913460936,-8.851218886740911,-8.848878335708228,-8.849813899768357,-8.849755819532584,-8.849291590139313,-8.850557263847358,-8.849548163765284
-3.9702280489007515,-4.033118088825375,-4.102092778116304,-4.178023028420701,-4.259461866895137,-4.332085719333087,-4.347443589694939,-4.260483873607524,-4.113838907809813,-3.9610871793670817,-3.819931200915459,-3.6927749611195324,-3.5786112074242578,-3.476092887600608,-3.3841442621997366,-3.3020238032959353,-3.2292887387977514,-3.1657606453781324,-3.1115118715075556,-3.0668762190838055,-3.0324866846645144,-3.009347329347152,-2.9989550884759133,-3.003504806182356,-3.0262493974506186,-3.072182295269953,-3.1494772192375566,-3.273003577813087,-3.474690471476836,-3.8310489204497493,-3.9201954382089683,-3.640640060189109,-3.55082882347833,-3.601571838128275,-3.8292313447703146,-4.3863706783436065,-3.9563411244632922,-3.862279502368663,-4.111330920538852,-4.46998178275033,-4.079447609483296,-4.329323535674175,-4.453404688819029,-4.2970272043301545,-4.8832959908706846,-4.419785307241605,-4.8919472928111425,-4.6320661033651485,-4.676332712282603,-5.422588458501086,-4.902250691575829,-4.825046296375098,-4.899798286176967,-4.999904246128254,-5.061920179318019,-5.094273591768097,-5.19515932153376,-5.705307556831481,-5.403487479625156,-5.523922998072989,-5.46601731753363,-5.969131796323031,-6.308723919858,-6.444245335675914,-5.98098753620348,-5.7654324300720345,-6.431569972027011,-6.144438930485204,-6.152211758967101,-6.8437586617585335,-6.107871587779427,-6.442774216368018,-6.448750792977933,-6.308122206705165,-6.501856907810795,-6.493740407457805,-6.758115786170033,-6.698236968526329,-7.021815823743434,-7.488320214483851,-6.769977090161087,-6.8375941230087784,-7.099820552940804,-6.989744593743581,-7.154782532885188,-7.163167403400388,-7.171114912912883,-7.4127935919539905,-8.17934564199241,-7.747201086890582,-8.005697871716116,-7.637148145324459,-8.406723791088673,-7.875479855455162,-8.56703646751517,-7.781865001091841,-8.658862376611932,-7.898065811129914,-8.24511975534949,-8.24295736661811,-8.306906322318216,-8.50763171559945,-8.212889461045792,-9.503420242471899,-9.382524504022925,-8.592479759261618,-8.45086869942403,-8.671541370740401,-8.590027017611598,-8.620807457679787,-8.868433291164592,-8.64069576847207,-8.66483950910201,-8.868328825708497,-8.714947544541468,-8.789391588042692,-8.80457050739271,-8.910959205882145,-8.80809169407349,-8.857801711943972,-8.792785291054498,-8.828200444404569,-8.814703549926884,-8.814199026936523,-8.83626359551104,-8.821601768517024,-8.82507927069044,-8.838191635397077,-8.83921550404265,-8.85441606143375,-8.85642308625472,-8.839563531275159,-8.841709500229216,-8.842411454480994,-8.856955449206529,-8.850054549027144,-8.84601242000493,-8.852225047900324,-8.851407200568794,-8.850050176315577,-8.852100199903314,-8.849616917252819,-8.849102071585563,-8.851827861864919,-8.85154519275852,-8.848786929922108,-8.849067306955641,-8.850442640841859,-8.84937819913912,-8.850781484362246,-8.8497763391727
-4.121700941379284,-4.185119413318453,-4.252856844528554,-4.323914583262772,-4.39356403951665,-4.444363189052361,-4.437598399451593,-4.349764074321084,-4.2136626500679775,-4.068162066039176,-3.9294011879137623,-3.801347941287512,-3.684220806022608,-3.5773735007983234,-3.480108498025965,-3.3918852884210744,-3.3123640505846454,-3.241410970354953,-3.179102465239314,-3.1257406922425415,-3.0818868372897885,-3.0484194656862593,-3.0266300018226775,-3.018378189842396,-3.0263535124639427,-3.054542036404658,-3.109133831957785,-3.2004916846417037,-3.347998512426921,-3.5917408592280506,-3.9038479900291905,-3.7217944908861966,-3.563763081098487,-3.5515149410141564,-3.68685832720438,-4.069519527034073,-4.057654565499392,-3.840955305703124,-3.952240411550822,-4.49899768742019,-4.093333425258393,-4.1576223654137285,-4.624069845838284,-4.229441533160626,-4.8215432133651595,-4.370769597751829,-5.017556355374484,-4.515579218895906,-4.763115760557403,-5.030796422332938,-4.744319528716495,-4.786493765123398,-4.935584120242398,-5.080433135322469,-5.137395812685605,-5.113337762871414,-5.116846763573915,-5.35555747849772,-5.559214578819379,-5.356167632953636,-5.547337244635301,-6.058762876716912,-5.796057473362639,-5.903158405527269,-6.26898207440382,-5.750564491288824,-6.311819882514274,-5.926739026354912,-5.969456909386529,-6.289603363691937,-6.145533264533529,-6.745547408049867,-6.7216917248485055,-6.274877424065192,-6.701542772147122,-6.61102293113415,-6.533079446473007,-6.550539346273495,-7.270300652583745,-7.074111058501008,-6.783289233042488,-6.823352010564628,-7.367138936896332,-6.934887165491949,-7.014502732183282,-7.066451337505697,-7.18814880548489,-7.663060486335695,-7.599822941145215,-7.449445110844245,-7.588612593897781,-7.845324273473904,-7.821054311556361,-8.18687943310974,-8.041750655714722,-7.73638675554805,-8.207774047016402,-7.899366527049936,-8.604636483386722,-8.558617145110768,-8.104879019115813,-8.92493220456194,-8.2385707732117,-8.628750771069031,-8.740392325012893,-8.396071276984534,-8.39928387517962,-8.489763934697992,-8.492720691027431,-8.532480544176385,-9.290411254866637,-8.60735775501307,-8.727874055791373,-9.080134197654369,-8.77910758866617,-8.71379031915066,-8.733710440782438,-8.97607855771123,-8.759056793603877,-8.928057553397966,-8.785071512171308,-8.792539285263354,-8.798008068194695,-8.835943768164647,-8.867885788499764,-8.822695377137471,-8.83181360209074,-8.825499548494498,-8.828823111655302,-8.86723242730865,-8.865727455190225,-8.837524368608257,-8.838803104352156,-8.840718274522088,-8.85738548699323,-8.844418508100883,-8.843741249188517,-8.847994740914812,-8.84770871019004,-8.853106427952968,-8.853394192078497,-8.847494022886334,-8.84757807379561,-8.851054116047862,-8.850781435346443,-8.849640223294898,-8.848699873633825,-8.85115185648932,-8.850044403634996,-8.850522834300852,-8.850355317115262
-4.269523729338481,-4.333503009275441,-4.400242035291482,-4.467080239562227,-4.526822930055018,-4.561067071554384,-4.53951440317382,-4.4504955328059745,-4.320676472356528,-4.180068890967135,-4.043079491158161,-3.9143753343658174,-3.794942397251977,-3.684620999149597,-3.582983975555278,-3.489629858537545,-3.404281063084709,-3.3268190702161475,-3.2573029094357193,-3.1959888000371746,-3.143360074220712,-3.1001747371453696,-3.067540260553992,-3.047031544465923,-3.0408817704571884,-3.052306021379862,-3.086087792204887,-3.149735413190183,-3.255979758187174,-3.428202344343952,-3.696059974542153,-3.8022103850038755,-3.6115496530990763,-3.53305133550232,-3.5900986716463104,-3.824358289463857,-4.1421551932363005,-3.8647058720531238,-3.8502120555262276,-4.195069795611356,-4.168369727875326,-4.052036206804586,-4.530567478778349,-4.218063176054788,-4.4732623783046055,-4.384341089235736,-4.666783063557901,-4.464780417557188,-4.938268637632697,-4.724965296364336,-4.663691943400869,-4.824780272361674,-5.075233351480251,-5.273457053037395,-5.329669097460007,-5.236192290757058,-5.116730923651585,-5.170705416166498,-5.725942917788605,-5.277703615216485,-5.761606369197456,-5.624802642178511,-5.5452224072388585,-5.627663256725491,-5.948355655229153,-5.837618591705625,-5.9118781538798935,-5.818058172590179,-5.885159490196645,-6.022747385264994,-6.3154118550398834,-6.421761539594171,-6.556764990055495,-6.341568343805243,-6.802171287956254,-6.869672526572681,-6.422610559461009,-6.496533705029273,-6.80264219742951,-6.734389538722937,-6.920086801305503,-6.919013036221989,-7.2475183645180445,-6.976775999055064,-6.9680952551218525,-7.0614104070241925,-7.332419313895876,-7.611432241050978,-7.306129502097663,-7.300018342556493,-7.387812278415405,-7.943627482697863,-7.555529086475189,-7.92762778108087,-7.72024525228932,-7.792075750316955,-7.864082151705407,-8.022459567770358,-8.219291908490431,-8.367162068460429,-8.013278508398804,-8.358960385180138,-8.410085068274736,-8.293470753560525,-8.36795621889069,-8.309331501946431,-8.453445693842426,-8.412042518414703,-8.490649769751194,-8.538717738911135,-8.894821625819073,-8.679982342663976,-8.976287556154563,-8.976385277743914,-8.989009608981101,-8.703429719012501,-8.721113973889516,-8.885949322866413,-8.761495096981127,-8.933643897762545,-8.831734292156897,-8.792050335066488,-8.82070502786406,-8.887066876004168,-8.898066138364907,-8.852059005822516,-8.86143130099523,-8.830958948784644,-8.834599252188566,-8.867145775668904,-8.86202938075788,-8.847422829452201,-8.846084863838724,-8.847894057072399,-8.849929064024273,-8.841884595552862,-8.846921676237525,-8.843814081094632,-8.844614762530114,-8.854332691583256,-8.851640947124077,-8.846974862376447,-8.84787005519054,-8.848758375644312,-8.848799517392285,-8.851326600699561,-8.849559294347154,-8.85100226566316,-8.851038330825082,-8.84962062098835,-8.850908470476428
-4.414202862056654,-4.478698420572643,-4.544624805439822,-4.607915631359799,-4.659612182187267,-4.681495217150022,-4.649851069679111,-4.559737726785864,-4.433781801732481,-4.296447812613485,-4.1606908883499,-4.031461117598379,-3.91021748599679,-3.7971280931997957,-3.6919500089570363,-3.594369768491683,-3.5041379721458132,-3.421126076278993,-3.345355660896952,-3.2770215024490392,-3.2165190859691086,-3.1644840285587796,-3.121851194075783,-3.089944966795716,-3.0706202048741194,-3.0664906628485875,-3.08131909057571,-3.120728931122847,-3.1935972336665825,-3.3148415173837638,-3.5082655017014606,-3.7445768351658675,-3.6885171230241642,-3.5521565576440115,-3.5360208810037643,-3.6634963472129862,-3.981746277337649,-3.94105140739546,-3.803140017765933,-3.96605820349062,-4.2739736279445,-4.011041157143945,-4.23747336761442,-4.282081830175288,-4.25896216202728,-4.4834612255376465,-4.416514892408084,-4.497977078372192,-4.801180464862137,-4.561051235337568,-4.672917779291899,-4.970909032590743,-5.15830104229984,-5.154553289924295,-5.232929642370975,-5.376976325653968,-5.234881100717733,-5.099663754474799,-5.366255053360521,-5.307245080349551,-5.629226346894152,-5.398392970162658,-5.434310509516776,-5.502517902274296,-5.642930632576655,-6.047856919960762,-5.7200931897804965,-5.824899598923375,-5.918575766693234,-5.907319364369939,-6.396956960121314,-6.112024034061893,-6.205417902201547,-6.559217121604833,-6.396140093490908,-6.569060008462419,-6.433181981569293,-6.571040908335073,-6.549598163022707,-6.582161204482936,-7.101691603756491,-7.14947224002058,-6.881043025391956,-7.1795131444224785,-7.054748713845537,-7.203548980709012,-7.503890210846178,-7.227006218079334,-7.181171760233873,-7.277188106363971,-7.323443805596671,-7.526624702978301,-7.447983657544112,-7.591743113991935,-7.581324951960274,-8.01770661810927,-7.714544685218086,-8.257192627031689,-7.905568442160831,-7.998248768216031,-8.052025556805665,-8.078408308853806,-8.630530400236111,-8.156555152903586,-8.216461464655275,-8.36085510801276,-8.757141456125478,-8.477698297331711,-8.67930781996213,-8.746354793338742,-8.57115159807182,-9.069156652458686,-9.157190823838079,-8.688826784947743,-9.06415687833896,-8.83442386861153,-8.836372763148134,-8.739350479750222,-8.872330575675896,-8.810428545059287,-8.943228913719764,-8.8651725342228,-8.900108443923822,-8.909028195542223,-8.866883876975871,-8.896373693828403,-8.891059320856343,-8.865723315647916,-8.864908501630143,-8.842337357286178,-8.839651915264737,-8.866205657147235,-8.862675438827337,-8.861724541662793,-8.839259455500649,-8.849330088724969,-8.855997597197828,-8.846199533064866,-8.847507847844824,-8.849971748905283,-8.84675810707673,-8.850428673962474,-8.851284879254889,-8.847125988471468,-8.847575087344891,-8.85195847976984,-8.851474785223127,-8.84940622796214,-8.851088794903212,-8.848890131568584,-8.850526753295833
-4.556285145758445,-4.621221201375859,-4.686490690990345,-4.7468821363746905,-4.792214196081316,-4.804949282137734,-4.7663008054683615,-4.67528418861945,-4.551778261135196,-4.416644539000904,-4.281721540400337,-4.1520521361444,-4.029387852113576,-3.9141150808296934,-3.806112794272192,-3.705118717454294,-3.61088778927986,-3.523264054465583,-3.442217758883651,-3.367870859603712,-3.30052272592841,-3.2406834093947317,-3.189121095685149,-3.146932201681889,-3.1156472404669944,-3.0973956408713237,-3.0951732310825113,-3.1132999193052373,-3.158248937402568,-3.2401975356300277,-3.375399818819208,-3.5789467460883126,-3.72497086003878,-3.6103195512206727,-3.5265165809111796,-3.566286727008854,-3.7649813053232783,-3.999489891722431,-3.817146826291387,-3.8301503913845867,-4.153571860534539,-4.044728467173989,-4.0504942294215756,-4.383754088420687,-4.1526709608252945,-4.545601015633083,-4.290739685523912,-4.620581974089278,-4.515763734255501,-4.511430315332711,-4.793997915864641,-4.935197739651356,-4.846623136631098,-4.85103690559343,-4.922655709613835,-5.0718021926741,-5.322343640210865,-5.162625910450301,-5.135675919778294,-5.473244516174273,-5.316085581353154,-5.328676679014492,-5.466456708725581,-5.52226114878713,-5.522244453000402,-5.797117228590913,-5.684582030324477,-5.992017043179919,-6.106477970627394,-5.944985091996444,-6.033062211391727,-5.996298445585726,-6.062350445024287,-6.367194366075492,-6.202387783739218,-6.2947882449128825,-6.614930303707534,-6.770129212527479,-6.4772747991379065,-6.591903188376491,-6.736634730576475,-6.85601910185409,-6.733908783033139,-7.081118562813247,-7.2496969152458925,-7.29623189271031,-7.129949261389534,-7.068834303853735,-7.2209319300514,-7.432062154458793,-7.430115629900748,-7.338872865441504,-7.507142883022743,-7.469646682948523,-7.609334970954081,-7.859652553623631,-7.733421439312638,-7.890637277250657,-7.801860391412314,-7.8630052484911355,-8.287134985350887,-8.000727026640265,-8.178717326630599,-8.198088381464702,-8.246398116159785,-8.680495702462068,-8.65416284775509,-8.88663866891084,-9.086323681411335,-9.168854334697482,-8.483184928824004,-8.911758565916347,-8.649357158881623,-8.589443700354067,-8.69713295622022,-9.190639493901411,-9.127225202852182,-8.707714839419923,-9.030973183623697,-8.729657880908933,-8.905718088553177,-8.958732997249745,-8.918878463321802,-8.8248322312516,-8.797796165953349,-8.86832714939657,-8.853331566781714,-8.88809215503863,-8.881825586257966,-8.821852153837936,-8.826761795933093,-8.862899637555971,-8.863023497378602,-8.859843420021443,-8.843004304052613,-8.861428431356282,-8.858043248740355,-8.856530568976044,-8.856207307237396,-8.843837957870212,-8.845605566918032,-8.854619282881092,-8.853854234527844,-8.849963011234019,-8.850200492091874,-8.849325703704075,-8.851570979651036,-8.848246350809614,-8.849251372387576,-8.849932280218752,-8.849135877843107
-4.6962862102264795,-4.761581158176775,-4.826326720548728,-4.884405089757683,-4.924801320007788,-4.930797561361244,-4.887220496874525,-4.795493884818923,-4.673586200638069,-4.539947147847938,-4.40558332952852,-4.275548420278841,-4.15177728493955,-4.034801708933397,-3.924580056879063,-3.820877059611895,-3.723437776650333,-3.6320698113053282,-3.5466856532409077,-3.4673296600806442,-3.394202039765534,-3.327687236503412,-3.2683925180651627,-3.2172032396362544,-3.175363887575974,-3.144599899614203,-3.127306902952696,-3.126857465931385,-3.1481228785293633,-3.1983936675510805,-3.2889101157628033,-3.4354099369665088,-3.6295782323681824,-3.6769693142844893,-3.5634517106174033,-3.525809419123899,-3.6189920270631455,-3.866023873339544,-3.8873492031169685,-3.7750067324923595,-3.929737880078155,-4.13001307683707,-3.9675709778246318,-4.236816078872462,-4.150209308957388,-4.308945665096329,-4.281148183000125,-4.534330061463229,-4.374302709356663,-4.58759142008823,-4.761048566697704,-4.6503363738536185,-4.65570531615642,-4.717932720520919,-4.786745901910731,-4.863972999866938,-5.019829240098087,-5.287632028228807,-5.0855558668070255,-5.331113304337258,-5.201747861771994,-5.433596522280422,-5.626173581702979,-5.686343068495724,-5.585790669830454,-5.551558000203089,-5.831512376398245,-5.897587390703448,-5.926186734885364,-6.116226595963848,-5.8781040600579235,-6.077672010346674,-6.118626442489726,-6.097229232898328,-6.214584331197158,-6.241098829195887,-6.492979081148693,-6.475305338319497,-6.609407293495185,-6.779099506962207,-6.55151325109312,-6.62391030310253,-6.79583438528089,-6.778876822705525,-6.929968748591079,-6.948789403163732,-6.953397345343398,-7.123087361624474,-7.408104096445795,-7.409698816534679,-7.527584577452672,-7.367785610524057,-7.6822178046509135,-7.562132237798661,-7.807004095771516,-7.571555368678467,-7.936409792649201,-7.686295105351893,-7.918682378583842,-7.9497398683985505,-8.05961077630233,-8.154409995717625,-8.00656754355148,-8.456486507166327,-8.525918112720337,-8.384911800862485,-8.270332282218561,-8.497926976388134,-8.431052940143383,-8.473297763183776,-8.704708834499872,-8.506442744009242,-8.52820309954016,-8.785399939425567,-8.600424774612577,-8.733808498340379,-8.762839443863117,-8.941866009713518,-8.771903921341012,-8.838606892763968,-8.741654983926036,-8.811142805639646,-8.78324717263832,-8.774970967887606,-8.813500404173928,-8.793577847678947,-8.799035361595655,-8.828685657359733,-8.830340448619241,-8.855368074502795,-8.860576376879768,-8.829348968329208,-8.833850090723093,-8.834993149731458,-8.864280946150572,-8.851482542420989,-8.842418396629945,-8.855642002349226,-8.853819680043008,-8.849327484531601,-8.85399204554917,-8.84974408964057,-8.848539147415304,-8.853953352827652,-8.85336317504921,-8.847293281552991,-8.8481627243977,-8.850702629011,-8.848523289032489,-8.85162070667192,-8.849334332766356
-4.834656097323963,-4.900234535161281,-4.9645687181188265,-5.020837386240278,-5.05746071127333,-5.058503455953308,-5.011420800690265,-4.919149927138587,-4.798310668829433,-4.66569990889339,-4.531711795369774,-4.401379093149839,-4.2767537109218,-4.158464840269191,-4.046522339298536,-3.940703221801794,-3.8407359012487445,-3.7463891459495473,-3.6575178118379705,-3.5740903184721913,-3.4962108114099846,-3.42414335325536,-3.3583434187623733,-3.299501878248401,-3.2486080004831424,-3.207041524739046,-3.176710579207918,-3.160265327300349,-3.1614425456978874,-3.1856426139222562,-3.240892188100881,-3.339050491755415,-3.492312148386598,-3.655378448053023,-3.632599673959703,-3.5405412959256073,-3.544555467562416,-3.68739755562773,-3.9037051637101645,-3.7986903785840904,-3.794555214052002,-4.0522314665620325,-3.9856322786895455,-4.02436963360435,-4.233155487200907,-4.1262481765807655,-4.370623244183889,-4.293456872246695,-4.3803780713710525,-4.614281536113113,-4.501780691578615,-4.526339771201104,-4.642335198078798,-4.761176084324945,-4.832902295966781,-4.85172499719985,-4.869877424365018,-5.022100547522273,-5.211473115189092,-5.08536308334681,-5.293075347466183,-5.425871796177328,-5.383745296205633,-5.462540061253147,-5.665262689943612,-5.545002780635391,-5.720931035186441,-5.632067564078351,-5.692817204467199,-5.845290714429565,-5.964511604178475,-6.132899749585035,-6.217337548801045,-6.086668852484291,-6.36445641632474,-6.4037934299703725,-6.236100369166813,-6.299649793250441,-6.558406857284386,-6.53815811068278,-6.6268722493328,-6.658553549247058,-6.891162562929142,-6.749799418856267,-6.772426700402056,-6.854854083265553,-7.04154393595803,-7.232220054838736,-7.112234464911638,-7.115924252895598,-7.202369375827621,-7.511852582452423,-7.364479001881296,-7.608304278955952,-7.52216789589173,-7.567312268697443,-7.663482575444922,-7.760376201258188,-7.92736170130925,-8.025676926908739,-7.831313919188535,-8.102872653002223,-8.128893366276069,-8.10825639290348,-8.18400586074283,-8.139888152856523,-8.262106693059323,-8.251952160613412,-8.327468441257349,-8.382397889163265,-8.767415397088566,-8.53629430182043,-8.864292515437521,-9.008159949823996,-8.97857539738035,-8.606219617473782,-8.633154752591517,-8.91090209485235,-8.692145327882603,-9.02679339649583,-8.797802497966494,-8.744090047151376,-8.787696498111218,-8.909754646309521,-8.94293698806793,-8.845452186655429,-8.864343874011015,-8.81236427269515,-8.819136081665139,-8.883976591895895,-8.874318576205889,-8.84267243946339,-8.840753526191923,-8.844299589919688,-8.851229417259573,-8.834915163382746,-8.843364928223588,-8.838917383064297,-8.840239018601126,-8.85822494164353,-8.853539278030203,-8.844257635856383,-8.845817564339308,-8.848042726267227,-8.848057895194517,-8.852228669773229,-8.848954452255757,-8.851953728261243,-8.851786059150685,-8.849398917391913,-8.851599101724164
-4.971768126128796,-5.037566184769762,-5.101581714092261,-5.156456033448338,-5.190225532160472,-5.187630016514434,-5.138033022883705,-5.045350767227454,-4.92524074875561,-4.793346347733226,-4.659612679161175,-4.529042668708245,-4.403764168904202,-4.284472525874714,-4.171210922292913,-4.063760540172578,-3.9618311917811346,-3.8651548557399247,-3.773533341213264,-3.686865612035201,-3.60516793484212,-3.5285942968399535,-3.4574619264147026,-3.392286276223697,-3.333830351779652,-3.2831754030095435,-3.241823906121317,-3.2118534165920942,-3.1961539223665136,-3.1988071020063953,-3.2257040063284763,-3.2854764107157264,-3.3899410152191094,-3.5438099366017886,-3.6618338490928752,-3.601922107886893,-3.5361160020517244,-3.5784986820967335,-3.758830654892176,-3.8645698190611837,-3.7590595920742307,-3.8608944697795904,-4.052246043578239,-3.932571417700407,-4.157466479053303,-4.087220595739018,-4.277621445066595,-4.2018779078911725,-4.456690761905853,-4.376865619420621,-4.409378677675065,-4.584478135723359,-4.73453070964576,-4.799013048675573,-4.866357711375825,-4.94822202810303,-4.940124920178601,-4.886749200608926,-5.0598837086943105,-5.089240065146355,-5.243023912054452,-5.165205490822923,-5.229885105580873,-5.296977156265613,-5.382977930631833,-5.646643360038272,-5.499078448312776,-5.65299614997667,-5.749113045510509,-5.716487339162499,-5.930605791761412,-5.849188997799125,-5.924490701883114,-6.195589201528716,-6.077574511653922,-6.183915377555591,-6.290961971121745,-6.421047492655457,-6.3130059350019785,-6.3907622373974675,-6.615480794830488,-6.713426767419363,-6.593960767450674,-6.877773596344397,-6.912037163041797,-7.010630575410537,-7.007770803768595,-6.930955214058768,-7.009697451986717,-7.1492333609096885,-7.181261863997585,-7.206860145365106,-7.287561989928563,-7.322747333834638,-7.406797624568336,-7.677255391011253,-7.536205931390361,-7.760437025446392,-7.651188140088691,-7.721161113928979,-7.951865053612841,-7.844557866974539,-8.06788918217313,-7.997992012973599,-8.05416346077341,-8.302955564417243,-8.484160751979353,-8.458089127850888,-8.675981452831143,-8.790855919978597,-8.36075724174724,-8.963278534042523,-8.635181119231905,-8.49301921925438,-8.699466595032002,-9.258521759182386,-9.196740430945578,-8.624508243677685,-9.169062206731871,-8.681567989905428,-9.024671272682031,-9.024153092620196,-9.004443588804845,-8.854420857833562,-8.792228751979268,-8.914174054138684,-8.886522144782369,-8.91679408701961,-8.906902156350641,-8.808115145044562,-8.812374271066043,-8.880979013267396,-8.878167059000095,-8.872929770346087,-8.8324445713488,-8.86455226281067,-8.86567946164191,-8.855441334002958,-8.85612145919352,-8.841893643820603,-8.841687998787455,-8.85645870255232,-8.856145344179298,-8.847636764786493,-8.84830458450684,-8.850661840856217,-8.853245164235068,-8.847191446507555,-8.849843319799609,-8.848968438349333,-8.849215463716329
-5.107922258029926,-5.173887769266157,-5.237659391087111,-5.291472044157088,-5.323099188026969,-5.317831972898007,-5.266419862202479,-5.173429656216988,-5.053825717357863,-4.922435937401428,-4.788876599777846,-4.6581208833894285,-4.532347319000649,-4.4122964056913725,-4.298033228881067,-4.18933887250553,-4.085905484049654,-3.9874326642896674,-3.8936761671298323,-3.8044746564014758,-3.719767828615716,-3.6396133592948816,-3.564207261816638,-3.4939114104266986,-3.429292061962512,-3.3711744553284633,-3.320720915088137,-3.279544470615138,-3.2498781086361546,-3.234834491082139,-3.238815165999672,-3.26814932048921,-3.3318979398810424,-3.440987093763496,-3.5886117268464863,-3.659416256955895,-3.5857514281559357,-3.5462199109460597,-3.6234709540088392,-3.8134448665220937,-3.808932611702478,-3.7610534700015377,-3.945656241750102,-3.963618958401431,-3.9688900502788447,-4.154021231377565,-4.085784457126225,-4.260594516011826,-4.2729016296921465,-4.285011805070748,-4.483605051146702,-4.54480976743787,-4.528754094697128,-4.5633109765203255,-4.628291106264192,-4.719264070243371,-4.868466386152746,-4.979649148246245,-4.89510922850624,-5.117374483944677,-5.029100551910472,-5.190499041148582,-5.335663903701261,-5.402892059722393,-5.379755949453053,-5.383104651140898,-5.589255949133084,-5.649383941169573,-5.692589071539948,-5.835173648935014,-5.716711714035615,-5.89400450669335,-5.946587284830523,-5.924027389964317,-6.0572773667277735,-6.090331591765646,-6.233079695989629,-6.250771269921747,-6.419217201918301,-6.5202279971285355,-6.395064326590642,-6.459922898661655,-6.6448605820851565,-6.599570942738681,-6.707236855947175,-6.749193329202374,-6.80168819491871,-6.98070607523361,-7.1226365013613915,-7.119695226641449,-7.220813129690202,-7.23386161393903,-7.382717517037415,-7.4141129134864725,-7.529412303328102,-7.399090328801989,-7.667020592740234,-7.534405760066355,-7.7669221150670635,-7.813260328635204,-7.8010393773967985,-7.9912230899736,-7.8676045376416806,-8.15079823909409,-8.230862356806446,-8.122199080415903,-8.103059602625361,-8.23944129538722,-8.236976295515314,-8.287278804273946,-8.672479971964659,-8.366050145915924,-8.451608698905817,-8.864053095312137,-8.545092667264496,-8.57578504738737,-8.614397533801819,-9.237484074485572,-8.656307593416813,-8.94679942059133,-8.67452013333,-8.727026340522652,-8.719395277652048,-8.762199331596983,-8.841433110555858,-8.76159389389656,-8.77875419697549,-8.791906411012762,-8.798603136058333,-8.885092399426435,-8.887508577617073,-8.812205098834612,-8.817843259112978,-8.821932490890614,-8.87546436845602,-8.841223668096356,-8.832953381822971,-8.850948723581295,-8.848989506116716,-8.854925687050393,-8.859403886651002,-8.845351518883351,-8.844527273432073,-8.85513546683646,-8.85415151246382,-8.847113119668386,-8.846167915529428,-8.852586411773824,-8.848804360401678,-8.852190031539019,-8.84998561916408
-5.243353217756438,-5.309445261348326,-5.373032192914011,-5.426043364636992,-5.456071011078741,-5.448841574953072,-5.396112947685865,-5.302893136694205,-5.183645339830764,-5.052614493040994,-4.919176073956888,-4.788277381791433,-4.662131064052187,-4.541509163718532,-4.426491211938253,-4.316856381339625,-4.212281360501921,-4.112438607671081,-4.0170455947497175,-3.9258907224618667,-3.8388495505305613,-3.7558986364341878,-3.6771314250358733,-3.6027795051622413,-3.5332423357168463,-3.4691292761587436,-3.411319156430517,-3.3610454736452913,-3.3200201222210484,-3.290617222175819,-3.276153314915737,-3.2813205403945465,-3.3128228746282304,-3.3799404333165888,-3.4917482465340055,-3.626894401635065,-3.656636038021058,-3.5824782800415567,-3.567810364785646,-3.6747320402641592,-3.8359903378535813,-3.7719638838260443,-3.7950048851676685,-3.98987917852619,-3.9113823603540068,-4.057513156312774,-4.055488246641546,-4.1923605210100385,-4.154591745414796,-4.348991577574915,-4.3535463322672365,-4.351281439120493,-4.43785029877708,-4.5426968065018585,-4.621870361925167,-4.665451020785578,-4.695380787831689,-4.798144315047626,-4.976384068800729,-4.8993796731773145,-5.106001844426399,-5.121820685460589,-5.129294093501321,-5.1990917197844375,-5.339422027793026,-5.425853010816035,-5.417911825093454,-5.458793587870751,-5.53825208325761,-5.592179315992232,-5.816937053244916,-5.78285816700615,-5.862479098231851,-6.000897919503856,-6.019376380375693,-6.123459058391096,-6.093246424815409,-6.198086748812812,-6.222441192729447,-6.269603232643895,-6.501482062877649,-6.568665779653213,-6.519212742485641,-6.688263758257288,-6.6928547574943895,-6.79522972589541,-6.903985325475896,-6.854908232804177,-6.875222989129295,-6.970499360871323,-7.021631994833032,-7.133594385963733,-7.146033433130522,-7.237333309096585,-7.276639351619601,-7.511455496625075,-7.409443074513002,-7.6484077036392355,-7.561468257190954,-7.638798738616038,-7.746376327983025,-7.74956852489822,-7.98164760933532,-7.867174700847896,-7.928673543929235,-8.081084304920804,-8.28802671238758,-8.21831987310592,-8.38413875024397,-8.470898884980526,-8.292721894131345,-8.75563916318392,-8.692039445855045,-8.448279085267028,-8.799312651434006,-8.8169292753816,-8.843251263840239,-8.576981530160442,-8.966231926343529,-8.678419676066316,-9.20896986026114,-8.94816003394058,-9.045979623861198,-8.949289377547304,-8.830455135502596,-8.981730905110275,-8.948894758864117,-8.917263734333423,-8.910492275664904,-8.81071810606272,-8.809771709748832,-8.898035882890166,-8.889706784841549,-8.884709729474482,-8.821888641903271,-8.857501641072684,-8.869970750423107,-8.846851744593046,-8.849490799664776,-8.844826580058324,-8.839511538517753,-8.854691307110778,-8.855959758696914,-8.843777005316754,-8.844922789769269,-8.853660031756792,-8.854466524859825,-8.847228733991477,-8.85166456621102,-8.847458631866775,-8.85030534034645
-5.378242246510069,-5.444429174361064,-5.507876847016505,-5.5602871752422525,-5.589125484719486,-5.580454453151838,-5.5267673814792335,-5.43337721824793,-5.314382949438752,-5.183609235752091,-5.05025553178595,-4.919247918929651,-4.792822588700584,-4.671773643106575,-4.556190285166469,-4.445849203968975,-4.340414250009186,-4.2395359668698305,-4.142900978188966,-4.050257072467843,-3.961427753849149,-3.8763233585815926,-3.7949531736285445,-3.71744143237444,-3.644049849338235,-3.575209611065625,-3.5115666671788843,-3.454045976532641,-3.403943290924535,-3.3630583640195937,-3.3338923102235647,-3.3199459506004825,-3.3261701657099074,-3.3595736536178946,-3.4294262973794836,-3.5419842528576657,-3.6601363798912265,-3.6581553475183664,-3.5901459338153585,-3.5983809097338426,-3.7268773674965616,-3.831955395881841,-3.7596169706944447,-3.8489901695964135,-3.966928446367693,-3.915166697108176,-4.100826289592158,-4.035412230456562,-4.205867220471731,-4.205496110722676,-4.233541220600858,-4.381152458770485,-4.480159695942658,-4.5197465461665995,-4.574652495667374,-4.661214525567741,-4.755003582017276,-4.7545891366970885,-4.775068873510963,-4.9616547077748026,-4.918367418725183,-5.006161671208492,-5.1358246697912024,-5.207172352682405,-5.214270224029223,-5.273958953903471,-5.4085107394479826,-5.508340688819339,-5.559718839148613,-5.659677134286719,-5.596265487021224,-5.740904900619813,-5.800883760957877,-5.806228459969134,-5.923581254952246,-5.966915907410763,-6.0867867702017335,-6.11701831320798,-6.2660036999357045,-6.3504798280339365,-6.281653638177803,-6.345580644701769,-6.51375021967071,-6.481251658173198,-6.573041923196512,-6.623812815101268,-6.692738624022652,-6.855805836070125,-6.947691831050944,-6.958782050111924,-7.050209492675242,-7.11725193430616,-7.206195715786125,-7.281962406363713,-7.352577826167978,-7.286284901876331,-7.490072497667683,-7.42995179117905,-7.629054599708923,-7.68685061287052,-7.653361312113711,-7.84224921500175,-7.769941251289944,-7.961070843153531,-8.038265390674322,-7.974292353383484,-7.996635614693947,-8.093823006394516,-8.119042991386245,-8.173499019824014,-8.540442488825281,-8.276653909712929,-8.398632302737859,-8.825002977123628,-8.510537292224088,-8.473221674421092,-8.515217655917299,-10.161874646611862,-8.575891820276375,-9.120454394783117,-8.632658668857706,-8.662825408600659,-8.675470318134478,-8.768465359414012,-8.889585011419477,-8.744819563899423,-8.772769808999536,-8.762340713432124,-8.773253595935847,-8.918376693969837,-8.914263979860124,-8.801542118264083,-8.806903364014913,-8.813669492369156,-8.881191166061878,-8.829721411125782,-8.825811955392366,-8.843465010730146,-8.842147942656625,-8.86148548689729,-8.86364062113895,-8.840697711408056,-8.840783054204078,-8.854692622004208,-8.85354301501045,-8.848071676570973,-8.844773133063626,-8.854372146846217,-8.849763097169024,-8.852129125847638,-8.851016488584179
-5.5127267082345135,-5.578984513559067,-5.642327940381784,-5.694290161834827,-5.722246593732642,-5.712516231238846,-5.658129532134636,-5.564613144174484,-5.445800571401665,-5.315212564649646,-5.181918813261252,-5.050829009257506,-4.9241957157342675,-4.802828637533623,-4.686823649906544,-4.575954933490392,-4.469876061928368,-4.368220326220592,-4.270650035919364,-4.176880966945521,-4.086695362289115,-3.999950861460776,-3.916589400966087,-3.8366489686734657,-3.760280213421102,-3.687770427229697,-3.6195776359312246,-3.5563789372557757,-3.4991389909179795,-3.449207892507947,-3.408463103636383,-3.379519117951519,-3.366041427839717,-3.373206876411618,-3.4082563855620194,-3.480217521924518,-3.5916623883322765,-3.690459135821022,-3.6658599269996364,-3.606967853647297,-3.6357674467716543,-3.774668427342655,-3.8191999456390624,-3.7690759889745586,-3.9056362054907696,-3.9267274227424056,-3.9616806930763637,-4.055744684852652,-4.093993157291843,-4.126650828353147,-4.277920003176964,-4.280808033410533,-4.301999720324254,-4.372241322710852,-4.447660541615164,-4.508533657992847,-4.5687409374859715,-4.682934716880691,-4.803971869050935,-4.774204157561587,-4.941813544564122,-4.969269165132057,-4.9919933779135865,-5.0590612506303545,-5.168991767081127,-5.291858415769588,-5.266155999045087,-5.354087241557319,-5.441086233285791,-5.467701497873713,-5.63085044585451,-5.61157479110211,-5.683215260215489,-5.8540260374424085,-5.826093292020192,-5.912687028452454,-6.024170835179478,-6.121985795692914,-6.082394137016073,-6.16764900424301,-6.287659815405659,-6.370137010991614,-6.3530317882480905,-6.524736788202117,-6.609599967588406,-6.673511900700779,-6.676922780270568,-6.690515386833535,-6.804763679969829,-6.9235745782697276,-6.972120541559467,-6.959796647609847,-7.087944018347134,-7.097203311042964,-7.210384355327826,-7.311287240909247,-7.342070651421321,-7.412235190076032,-7.435650194440881,-7.497088279102005,-7.693207288968146,-7.641004537066443,-7.7281553243594825,-7.82161889785849,-7.881616380788661,-8.048272896646637,-8.056459253570782,-8.200831979992138,-8.247025226202279,-8.317047890956674,-8.195882087544032,-8.383721943329864,-8.312944598163055,-8.345990408867157,-8.405001570341634,-8.893725639201225,-9.0193212562796,-8.554598400012841,-9.05003274110574,-8.579707361337386,-8.788398530983907,-9.094745293937128,-8.903796309210858,-8.712522140610297,-8.69725911474927,-8.819087532365728,-8.795675576932855,-8.92704249763097,-8.911981643027929,-8.7817005697739,-8.798063404863624,-8.859017365679179,-8.865481624638557,-8.858545064721405,-8.844916729997317,-8.884006443106362,-8.863142926230715,-8.874729995525625,-8.871699013714409,-8.83276928057764,-8.84226649666178,-8.862465689824148,-8.858933914247004,-8.85419712696991,-8.854209297428078,-8.84515902747827,-8.852177019811274,-8.845927626704999,-8.846246277941086,-8.851464493238318,-8.846756086094048
-5.646910601399905,-5.713220873119559,-5.77648691561481,-5.828115716835791,-5.8554198204547205,-5.844910880815499,-5.79001238690466,-5.696402887999192,-5.577721492878023,-5.447267910803288,-5.314017066360498,-5.182865636763999,-5.0560778221266,-4.934474536752325,-4.818156201044687,-4.706894836821239,-4.600335987952749,-4.498099540217264,-4.399829042599345,-4.305215460601588,-4.2140089592132375,-4.126026005101912,-4.041155753806243,-3.959368297840066,-3.8807265557559516,-3.8054038644247963,-3.733709269421446,-3.6661236197814406,-3.6033506181669854,-3.546389162819598,-3.496636750057878,-3.4560393356296406,-3.4273120165151187,-3.414265986733404,-3.422271804096134,-3.458731637395376,-3.532211546200444,-3.6409251105310205,-3.719941300750389,-3.680155416581805,-3.6314183903063753,-3.678077431113215,-3.814695527294507,-3.8108971392480715,-3.7956323787933735,-3.945250109491125,-3.9070136740439896,-4.0215876245105795,-4.015390026429627,-4.154361459669184,-4.128209315603055,-4.207883252924758,-4.328618869782986,-4.395139283423622,-4.446464871571871,-4.516130814312812,-4.596762647156132,-4.6289744617532955,-4.641878355906978,-4.79725437750811,-4.778779237355836,-4.911434471668504,-5.009300273656859,-5.078156970155384,-5.135417340693824,-5.128009426411296,-5.284373287042324,-5.279903114101837,-5.3378959182716486,-5.448092181595872,-5.530588248065508,-5.626910733594883,-5.698272346634457,-5.721495474781728,-5.839482796302236,-5.914323062369784,-5.884245341146235,-5.966582270212679,-6.059621041906915,-6.099404472849869,-6.253053978205317,-6.314636590078652,-6.345511464463712,-6.437713967217568,-6.466853899372023,-6.55741043892036,-6.666927010334458,-6.675574394702314,-6.697607438296345,-6.777453302752031,-6.836890543832162,-6.948040165800487,-6.967509796835694,-7.0590677539601625,-7.100960056030269,-7.270956550545723,-7.234764073111987,-7.4105839363586155,-7.384439959647266,-7.458844358696001,-7.547630391681339,-7.575584607069029,-7.745960611352178,-7.696835624054965,-7.7602488474603835,-7.8860470254896535,-8.034559487004076,-8.024366199836345,-8.152093085829533,-8.232104871904173,-8.13731810127264,-8.441008547045525,-8.450197924918784,-8.307185671544577,-8.58306642228102,-8.648256256115305,-8.70384521528205,-8.468747960915893,-8.89445253778336,-8.584751636770246,-9.836203613266349,-8.967067925553309,-9.20662224393301,-8.967798228172635,-8.794763664841025,-9.077737773116677,-9.007324806350447,-8.964307256335283,-8.952963598185734,-8.784162916158653,-8.78462481962791,-8.929395016854562,-8.915791593413568,-8.906863228689625,-8.806398213813166,-8.863893675467306,-8.882944462508659,-8.846583803920643,-8.85061676279995,-8.840417316345553,-8.833062509663781,-8.858337893119874,-8.86010923082936,-8.840585852959652,-8.842373136252752,-8.855329790785904,-8.857207560933785,-8.845303108163634,-8.852268301557306,-8.8461065150349,-8.85016220047597
-5.78087138589596,-5.8472208967868,-5.9104295540220155,-5.9618111133578795,-5.988633172014792,-5.977551976692037,-5.922278655433367,-5.828600120712702,-5.710013947580252,-5.5796582392245915,-5.446438308035211,-5.315240847272804,-5.1883385325177365,-5.066560258468644,-4.950009709107552,-4.838457013310727,-4.731541573611767,-4.628873050800676,-4.530080704147229,-4.4348364943105425,-4.342865982532445,-4.253953991607398,-4.1679489348911325,-4.084768322373679,-4.004406932270974,-3.926949334608685,-3.85258833462227,-3.7816516050535505,-3.7146395083162047,-3.652278587408477,-3.595597365566226,-3.546034715231171,-3.5055968508975623,-3.4770877204645534,-3.464446386908454,-3.473206560906481,-3.5108654373853763,-3.5853338297961383,-3.690031260158096,-3.750220756956412,-3.7007711012096753,-3.6622189452533545,-3.723696914341029,-3.8466623942639755,-3.812397303455954,-3.8341130744767735,-3.960173517696959,-3.914741801710255,-4.054731729183945,-4.021391995037483,-4.135911408792774,-4.19458234080436,-4.199292097765331,-4.258451428481088,-4.335181598755002,-4.400372379537679,-4.451581724016821,-4.518048615340154,-4.645816074166268,-4.670983715933741,-4.768987530104267,-4.782801810247105,-4.875166999336712,-4.9531321910426245,-4.997266717268042,-5.081856093871787,-5.179468991587506,-5.267946010080868,-5.321066723890611,-5.417696218289437,-5.410920779724742,-5.546479388117764,-5.615616817807294,-5.615120694306803,-5.754065979909386,-5.811269455780391,-5.829046169867632,-5.887658240613513,-6.031142906719577,-6.070735737243799,-6.142056613036685,-6.201853149311329,-6.309819465527971,-6.326900322538557,-6.3713147277141475,-6.452183872298518,-6.5724486404899745,-6.641956842512691,-6.648941629002884,-6.703379766070618,-6.772337962618937,-6.91273324673767,-6.911048385716373,-7.026110024666037,-7.049165320751462,-7.170587198204648,-7.183606633425949,-7.326710192901221,-7.349666127367523,-7.4259033613053544,-7.454143920278974,-7.538862405688706,-7.675175460296006,-7.641231962471563,-7.707558489842499,-7.785897032196598,-7.923392598473989,-7.917468145256705,-8.025667433074764,-8.09800817982601,-8.121956833508019,-8.295141728562665,-8.43716203856406,-8.313561120491046,-8.61952768358201,-8.452038084785286,-8.50037904654982,-8.47546838799315,-8.637618551060902,-8.64463309512905,-9.030668778583799,-8.74309124122353,-8.92210681939885,-9.258184407027992,-8.921650536102279,-9.079480476080523,-9.08116263796537,-8.876779042070844,-8.883971287549253,-8.82276948829015,-8.811030566366991,-8.918281027280493,-8.90029301536909,-8.899061746591494,-8.80528103941677,-8.838560135572646,-8.87268879023326,-8.828377207757825,-8.83451820601037,-8.85303761765509,-8.837325679729366,-8.849077137709797,-8.853606458242881,-8.8367563479264,-8.838662647149379,-8.859578884783215,-8.855945126194563,-8.848095449200567,-8.855416945869669,-8.8447366799615,-8.852752655134967
-5.9146676977440045,-5.981046039770926,-6.044211931745431,-6.0954108044316175,-6.1218771860331564,-6.110375131003829,-6.054826811730817,-5.961097572258042,-5.842580915318378,-5.712296464908728,-5.579098604489887,-5.447866999627564,-5.320880050964508,-5.198972446685746,-5.082250072381385,-4.970481678740219,-4.863301997531145,-4.760312972830661,-4.661132982527905,-4.565419648013204,-4.472879890306286,-4.383274433712976,-4.296420644586634,-4.212195812102313,-4.130542482140035,-4.051477016805555,-3.975102730276226,-3.901629242983085,-3.8314002484131806,-3.7649329160318286,-3.7029735297650066,-3.6465763599786403,-3.597216469603549,-3.556953060420459,-3.528668309084893,-3.5164127679086223,-3.5258552461141983,-3.564528815628261,-3.6395290852069375,-3.739290239003446,-3.7823964605178855,-3.7271687901386183,-3.6983053346703603,-3.7713345556147333,-3.87297489052951,-3.824579531037852,-3.87922132109767,-3.960693926082126,-3.944947072098324,-4.050866041547857,-4.064570530981439,-4.102328571848564,-4.213029115845548,-4.264483325499181,-4.298319866094544,-4.351783392114729,-4.426462115941396,-4.516960937580759,-4.557641367778043,-4.588721153022831,-4.709967366786223,-4.747568951503945,-4.786803403519783,-4.855143082307854,-4.926990546206081,-5.047409475063033,-5.074262341150191,-5.198306742940385,-5.266751611054836,-5.331506337866166,-5.338744295366655,-5.4517270171992624,-5.5231467493447015,-5.546484882735311,-5.665831015613561,-5.725331199216525,-5.76974333371202,-5.824461054642427,-5.959657151655662,-6.0053675083762235,-6.066561921650699,-6.1291528114761125,-6.2350141870663265,-6.258514983464514,-6.307106169751065,-6.387307040517579,-6.500688907441983,-6.565997774825247,-6.582071708455105,-6.6409520816160885,-6.708670257394236,-6.834884843996841,-6.845674066937717,-6.949835652951855,-6.982328441069804,-7.107205374600577,-7.116488789169216,-7.257151394078705,-7.273670675224923,-7.347820456419197,-7.398991986022057,-7.464374453403281,-7.600677329300643,-7.577029938805487,-7.642518034537151,-7.7355114303735215,-7.865659248060954,-7.870662159760117,-7.979346887073883,-8.05394632193608,-8.041219315901847,-8.244665545661764,-8.326433352802967,-8.225449478133736,-8.481463092391387,-8.445984850979507,-8.503125430640019,-8.4013051903587,-8.669597401585689,-8.545950195803119,-9.221915645477134,-8.804853716105658,-9.071911482911906,-9.10848763508243,-8.820890152864106,-9.212659975951576,-9.12873365861622,-8.945180164189932,-8.945014419351745,-8.781798238024228,-8.777406230661246,-8.953792569637212,-8.931470018430936,-8.923604248288163,-8.792435487678604,-8.854050481538682,-8.888876621137438,-8.83541559420698,-8.841972045929175,-8.843592448704511,-8.829739514644858,-8.8561491136597,-8.86005511747426,-8.835498815700484,-8.837923670345477,-8.859331681133705,-8.858985577537855,-8.845164039665615,-8.854642851284446,-8.844088777513988,-8.851527221290628
-6.0483421051377375,-6.114741508038199,-6.177876121511309,-6.228939896633614,-6.255144025287591,-6.243332478826604,-6.187582261174098,-6.093815661226596,-5.975349511355171,-5.845117486499904,-5.7119358092151575,-5.5806789981497245,-5.453629406200339,-5.3316262561751255,-5.2147769676429085,-5.102849178855276,-4.995474072983347,-4.8922477754173626,-4.792780576754181,-4.696719283754812,-4.603756770008787,-4.513635634638857,-4.42614974718661,-4.341145965265154,-4.258527185474402,-4.1782579216785685,-4.100373328000586,-4.024993004952837,-3.9523411409657703,-3.882775327299119,-3.816827327534502,-3.755260607335467,-3.6991519399073383,-3.6500081446714456,-3.6099350467294493,-3.5818835781346956,-3.570001033491865,-3.5800662621964694,-3.619597505509687,-3.6947528992557177,-3.789005849259687,-3.8170992290173253,-3.7587342502943177,-3.738796467460508,-3.820062049166731,-3.8970441859367178,-3.8464985853662617,-3.9260370566303315,-3.9611809441187447,-3.988536078867238,-4.0383495585760905,-4.1142285243027406,-4.1109853391481845,-4.178900190014611,-4.26371276009858,-4.330917046345423,-4.38677669308942,-4.426447722261321,-4.460336011085152,-4.5641644091890194,-4.606434593059774,-4.707951774709029,-4.736664041218671,-4.7938370997567645,-4.872241702694532,-4.981294411010544,-4.999314959986068,-5.118555268184809,-5.190241156811039,-5.25496826105224,-5.271430441052404,-5.38407835170079,-5.4575433269344,-5.48100590549986,-5.603020625574623,-5.66798620484935,-5.689843059298258,-5.7572770550879016,-5.86563911583534,-5.909879193251002,-6.0187307751779215,-6.0850574330791884,-6.135486977860804,-6.219337032972273,-6.267098313372636,-6.351825754880825,-6.436164223943473,-6.459667938752584,-6.510695888190538,-6.597565210112355,-6.658247152437984,-6.726445777674983,-6.789166786832102,-6.850339768695162,-6.922147119015215,-7.047051016894171,-7.057646850310092,-7.168562818946111,-7.183586967349658,-7.251026146403163,-7.378460101199556,-7.384343331115319,-7.491418320953946,-7.535667910446242,-7.599588553378138,-7.726798552976453,-7.7927987060732224,-7.87126687640665,-7.948890718029269,-8.021526466438402,-7.959060738849641,-8.140844415177867,-8.11876435712185,-8.129901398396447,-8.228710165213517,-8.527173581069304,-8.629751931460525,-8.354132834180456,-8.82882268202862,-8.421956036170714,-8.725869674345292,-9.25293959675653,-8.947454730064122,-8.64273638418251,-8.606790817509058,-8.821514118445405,-8.779121940068112,-9.047461829724416,-9.008246241798854,-8.72015122095492,-8.74342150504702,-8.88879982790158,-8.89854484904664,-8.882810799378541,-8.822868061615779,-8.91736818240234,-8.884800605397784,-8.892295487693918,-8.888669181687606,-8.817506220149088,-8.830631243821186,-8.87508715523261,-8.869343407547277,-8.85374510895032,-8.854476069010962,-8.843342152770898,-8.856241238527499,-8.841319915705665,-8.844201224216869,-8.851123800912422,-8.84436122584776
-6.181926598442378,-6.248342328288787,-6.311453080518225,-6.362417426519862,-6.388428285621661,-6.376389183205051,-6.320490744149484,-6.2266965922451964,-6.108267590234251,-5.978073419695923,-5.844903640942525,-5.713628064488825,-5.586532334915625,-5.464458709109275,-5.347515771284274,-5.235470322305505,-5.127950864983294,-5.024549206879097,-4.924869607426595,-4.8285507796709535,-4.735275097313133,-4.644771543374557,-4.556816391080716,-4.471233615195727,-4.387896272560611,-4.306729762584435,-4.227717777474514,-4.1509118558111835,-4.076445782413459,-4.00455645483319,-3.935613616396906,-3.8701618007430154,-3.8089795611220456,-3.7531634529638245,-3.704248269405983,-3.6643809268200713,-3.636572762849337,-3.625054741265712,-3.635693899044278,-3.6759519031477925,-3.7509648929690798,-3.8394384319733743,-3.8546146351231743,-3.7948621170657937,-3.782967117973038,-3.869318359395235,-3.921810589535684,-3.876640052003823,-3.970873999076987,-3.969769669816459,-4.035003375619314,-4.039748319950583,-4.1391589237210304,-4.154874222362912,-4.18047059974234,-4.2351178816945945,-4.292134703255755,-4.346645283595178,-4.421430422904801,-4.517409214249468,-4.531624357926844,-4.643135836870636,-4.682579276035694,-4.732929195650532,-4.8061201890864425,-4.905533321284217,-4.937237484794889,-5.045710222799468,-5.10475241619226,-5.183547163337856,-5.213841040300247,-5.323168686433887,-5.39172292233762,-5.437229558883689,-5.524253500513687,-5.595895965248166,-5.633223913627311,-5.723545109503694,-5.758437726084991,-5.832571667528569,-5.929456675585155,-5.999897336032033,-6.0343009219909085,-6.138022717361965,-6.220629238232752,-6.2769985389518705,-6.3128610280160515,-6.38818742314936,-6.495296492065308,-6.564892957077138,-6.635305729922337,-6.667946679180052,-6.772032882288138,-6.821148388802732,-6.9080076298470825,-6.9196480825850095,-7.043601387602348,-7.054367902755913,-7.172394561331097,-7.236760230902537,-7.275161736874061,-7.381998073946653,-7.395842036746717,-7.514282440279559,-7.584248688974428,-7.600816292889168,-7.647810296833822,-7.72734718172913,-7.775603171191763,-7.836824475859748,-8.021978733844955,-7.960326714541683,-8.070486480879804,-8.257728879313133,-8.20734214206682,-8.18509570986049,-8.238083002557595,-8.619187554937344,-8.332357521241152,-8.839445154190253,-8.442339181610311,-8.462688335811704,-8.506402600863192,-8.684562335406996,-8.969531679879607,-8.644327491549447,-8.70479373943685,-8.653663985958245,-8.677576918295141,-9.084117996457373,-9.042811921011381,-8.751268889930618,-8.758817399840387,-8.775562168405115,-8.905385147745381,-8.78720135105595,-8.795935641722707,-8.815878386361664,-8.816668880562785,-8.888331081813119,-8.88163370367723,-8.822606361613657,-8.825856783788959,-8.853506801725091,-8.85162255049874,-8.851225180796085,-8.838853225636889,-8.861684077915285,-8.853285797852138,-8.85211966528405,-8.855016211286884
-6.315444920666436,-6.38187214251751,-6.444966041024776,-6.495856844298513,-6.521725221309558,-6.509518662338965,-6.453511239677675,-6.359696850254878,-6.241294883955581,-6.111129212678604,-5.977967693450843,-5.84667839688108,-5.719548631473179,-5.597422993672301,-5.480411046676621,-5.3682787955594025,-5.260652838855178,-5.157121769792919,-5.057285282814723,-4.960776143444308,-4.867268879144862,-4.776482343814473,-4.688179640961998,-4.6021676622178145,-4.518297108791891,-4.436464098138936,-4.356613690880876,-4.278746327051526,-4.202927854766764,-4.129304465717037,-4.058124226648382,-3.989767574789788,-3.9247903344294657,-3.8639843961975044,-3.8084638249947615,-3.7597881663249946,-3.720140642069014,-3.6925856875146423,-3.681426501529409,-3.692599643941006,-3.733477279159212,-3.808123956353289,-3.890786035009936,-3.894997987260768,-3.8349907597733663,-3.830223901326897,-3.9188647807613917,-3.9491869585055976,-3.913438547723062,-4.012036735448126,-3.9887570559262264,-4.075794114402097,-4.0601497188052305,-4.141085545352997,-4.198248864796589,-4.223764043047549,-4.26417265001562,-4.322042092997088,-4.396600038996142,-4.451687750167783,-4.476672914847061,-4.578150136753376,-4.620159364087858,-4.667269642216299,-4.733236431866123,-4.821633141618,-4.890180899836875,-4.956123370996213,-5.004317289801981,-5.081612569604388,-5.176440644084254,-5.216039057231986,-5.2784831593649155,-5.379358263060234,-5.412329319591318,-5.481777225841198,-5.590155630131253,-5.640838541026653,-5.73207079083739,-5.800495253379169,-5.841573602778904,-5.911354790503367,-6.010665923202764,-6.052288546417161,-6.110413085036719,-6.191383720270427,-6.286765909819357,-6.334699944500345,-6.378054283398065,-6.4551694367088555,-6.520297164684089,-6.596758804909146,-6.655512230003914,-6.721021535725729,-6.79137385314482,-6.9004763488096446,-6.92886392755432,-7.023846744421706,-7.056094507777821,-7.123023332033806,-7.239300870026753,-7.260158674752518,-7.346040170329207,-7.4141992193126125,-7.480079976209593,-7.585856311928092,-7.635278839293992,-7.726982278497615,-7.787424948437533,-7.854939604135178,-7.852837330865977,-7.963703023319448,-7.971296040767699,-8.034882884247526,-8.084056904023067,-8.30382966663997,-8.385786293958812,-8.299105055639805,-8.511474500582421,-8.358972103905916,-8.487285385486722,-8.735877062528786,-8.644481979804649,-8.515193256285416,-8.53867315502175,-8.650127168848536,-8.644311026338311,-8.865982811593465,-8.86221509390469,-8.720685730913504,-8.759815310912048,-8.7994027352028,-8.823304722942796,-8.81752865122272,-8.871839276018656,-8.918695382820523,-8.84909537298211,-8.916001822775886,-8.90355028013825,-8.81588019023538,-8.845557423554617,-8.87209836709294,-8.86173278544095,-8.869442580314356,-8.867769731015889,-8.833403338664455,-8.84832860112415,-8.844383759837362,-8.838766415226697,-8.857329172570706,-8.841937571533713
-6.448914591764088,-6.5153497290074505,-6.578431767742067,-6.629268396950709,-6.655031834466198,-6.642702251900006,-6.586614555518849,-6.492785751296415,-6.37440317740469,-6.244258006190029,-6.111102836182907,-5.979803150189487,-5.852648458149778,-5.73048458640596,-5.613421720413823,-5.501225538316472,-5.393521048418905,-5.289894531012413,-5.189942324776714,-5.09329270555518,-4.99961443511804,-4.908618803566494,-4.8200591534034665,-4.733729626679517,-4.649464308952824,-4.567137438389015,-4.486665261860602,-4.408010032536887,-4.331186819459563,-4.256273991898671,-4.1834286740061755,-4.112908788188369,-4.04510427504514,-3.9805810114630993,-3.920142777474071,-3.86491923792668,-3.8164919365619068,-3.777076271138945,-3.7497834192973247,-3.7389789135326366,-3.7506531880850487,-3.7920641645251014,-3.8661855397662714,-3.943180563929001,-3.938162449635912,-3.8786140631842017,-3.8800835319422515,-3.968701308906347,-3.9801449499486057,-3.9554825574895602,-4.049835408385445,-4.01749443208415,-4.107969781977517,-4.095813962214621,-4.1434367972350215,-4.214984781758931,-4.262975580887993,-4.3088979227646815,-4.3590318382321005,-4.391917369949199,-4.43040774361283,-4.5223523900033955,-4.555968991178452,-4.607263694173082,-4.67132401619345,-4.735801831875696,-4.8327843869705225,-4.865214838340465,-4.946192663942925,-5.009629431731907,-5.0723893780334075,-5.157629944185596,-5.236668106452525,-5.281763828741323,-5.378095385351046,-5.445621721221338,-5.4966119375177325,-5.584841761845044,-5.623667172860314,-5.7109326271200045,-5.763446441941407,-5.831287856306179,-5.9217437107849,-5.9674757848043685,-6.039923113061166,-6.105078014335412,-6.192216940077333,-6.28187146734013,-6.323347807318209,-6.3797587444912205,-6.448620603415957,-6.547673006040405,-6.584798050101576,-6.668385889947915,-6.720418984313986,-6.828145217455125,-6.855853785996171,-6.964539350225464,-6.993945860172571,-7.062521220982254,-7.156421148108248,-7.192288867497625,-7.2927811096692965,-7.334127770873093,-7.400290803923289,-7.506035506493741,-7.57783844090256,-7.648232057666766,-7.723447938412852,-7.793866710785465,-7.779841753807486,-7.918596646239591,-7.9291315195118655,-7.962289438998786,-8.045291634915738,-8.250922161698028,-8.335450014097495,-8.210146358047325,-8.492286833861273,-8.290270122537324,-8.49873433752419,-8.774810098731617,-8.691071414487281,-8.505261255816682,-8.500753146815867,-8.680628145602851,-8.660482178975817,-8.981338290623576,-8.962034575160015,-8.671726734708418,-8.70893226139418,-8.840200785315403,-8.865799773309591,-8.851129816138478,-8.83479547543764,-8.953776194325194,-8.87640817450731,-8.928560734545915,-8.917407042694292,-8.802779883372619,-8.830859592597301,-8.884950118530831,-8.873252399946018,-8.865165354363684,-8.864831220885511,-8.833983307900171,-8.85379872115116,-8.839438132350825,-8.838117549272752,-8.855595550128223,-8.8402919919036
-6.5823481413756,-6.6487898477231075,-6.711861786205765,-6.762658447217703,-6.788345040199644,-6.77592483507885,-6.719778983397106,-6.625938425683149,-6.5075712473983005,-6.3774405074478135,-6.2442903433301735,-6.1129830709708095,-5.985809885621821,-5.86361787526964,-5.746517533966836,-5.63427417149565,-5.526511834290131,-5.42281499659867,-5.322777462768858,-5.226024251013222,-5.132219824841963,-5.04106987937782,-4.952320509183181,-4.865756406810483,-4.781199299220325,-4.698507188081255,-4.617574873349488,-4.538336203463622,-4.460768425452299,-4.384899418058813,-4.310818577589198,-4.238692678339386,-4.168788418541364,-4.101504235212214,-4.037415024993075,-3.977335251141257,-3.922408550622052,-3.8742361219687367,-3.835061969054592,-3.808038505267002,-3.79758508682596,-3.809733121482532,-3.8516088181907686,-3.925100670186365,-3.9966934466251107,-3.9839403210120317,-3.925282786916142,-3.9321530912517986,-4.01896934445314,-4.015005438917271,-4.001588607362406,-4.085805898275266,-4.0542515039603355,-4.134284961059311,-4.140062085992173,-4.160000387369591,-4.218277316640149,-4.271176972476696,-4.31330469870995,-4.345500128971664,-4.3910810879995825,-4.475289128875758,-4.498628600123779,-4.566511704793765,-4.636142894702856,-4.688969415782378,-4.739843608292514,-4.832557608066005,-4.887775746697255,-4.952656436820767,-5.03136752601903,-5.070858632733476,-5.137806061310295,-5.2099305879065545,-5.296355562235618,-5.370967005255427,-5.4130899651740485,-5.4973415211942775,-5.551446736323664,-5.6298852887651964,-5.6978912969477875,-5.763741551909361,-5.847743069800229,-5.898393294826748,-5.969242785857716,-6.037430771654769,-6.127768108894815,-6.203905159099439,-6.246357995123384,-6.313947115199775,-6.382164287359959,-6.462280602210716,-6.520582846230895,-6.587186012893795,-6.659537502779866,-6.7533534424800905,-6.80021929707256,-6.875860056787871,-6.928225621808353,-6.995153707085846,-7.09809289608708,-7.139204527513486,-7.1985117062782855,-7.295096879188951,-7.363465732140581,-7.434550174931542,-7.472633120136692,-7.5673895360113015,-7.614524950958724,-7.676974451209345,-7.7643944690738795,-7.786681994604131,-7.841905311608086,-7.9721550191721136,-7.966450466588015,-8.060543184199023,-8.122572110131523,-8.304748723940998,-8.22212206991262,-8.394404596934518,-8.286174110292526,-8.379182546863134,-8.388767925359863,-8.44994715938662,-8.596681756742267,-8.500608561397668,-8.544743866247986,-8.59227407027389,-8.61813429305489,-8.97052506733466,-9.042880262470318,-8.676298592232197,-8.69836740917176,-8.715971359197786,-9.009186712017245,-8.792660441802088,-8.76323852185243,-8.843328097773172,-8.835143867157765,-8.878794754099,-8.90485467351045,-8.821330926924869,-8.818670784770662,-8.875842442064178,-8.87036293009106,-8.836262035246037,-8.829279495191944,-8.865284874807967,-8.844916238797738,-8.860763507971757,-8.850969668251953
-6.715754944988022,-6.782201784508528,-6.845266127304636,-6.896034545528341,-6.921663773668502,-6.90917690313103,-6.852987250065718,-6.759139017668641,-6.640782264755614,-6.510663329822925,-6.377516369754635,-6.246203539169047,-6.119016729169458,-5.9968037868345885,-5.879675928269199,-5.767397957828916,-5.659593012494166,-5.555844322591326,-5.455743920682246,-5.358914396864343,-5.26501695983855,-5.173753225754,-5.084863896927836,-4.998126706848627,-4.913354190941052,-4.830392333432448,-4.749120027167996,-4.669450037754354,-4.591331556194209,-4.514754954890968,-4.439759363687191,-4.366443913114412,-4.294983954044112,-4.225654041628557,-4.158860256424373,-4.095185652182804,-4.035454344933182,-3.980822568000691,-3.9329091515500525,-3.8939836252119684,-3.867234874749562,-3.857128807022424,-3.869727328398717,-3.9120136782158417,-3.984816198918508,-4.051345992465308,-4.032123324471782,-3.9746014382239556,-3.9861124643106276,-4.0698653516220435,-4.053705424055357,-4.0508158522130335,-4.12174084777756,-4.097106535503605,-4.159567459122331,-4.186348017123206,-4.1918809036777525,-4.230791199114842,-4.274643352443014,-4.313167792501088,-4.360691080787784,-4.435620112851264,-4.458246277583812,-4.5378363431615485,-4.590588563132457,-4.648389014369905,-4.707479567932809,-4.745158199445434,-4.824125277929428,-4.893999483255891,-4.944281824124209,-5.020090819995197,-5.072300813973464,-5.148868321122721,-5.220513392767397,-5.297641703796581,-5.344977003964731,-5.432395054172114,-5.484022959286844,-5.57203243944359,-5.620479021256113,-5.6927890590963175,-5.78650192201408,-5.84373603200445,-5.9106432436366925,-5.9924706990797905,-6.057155926181946,-6.105559255116893,-6.193356346877161,-6.272592738491363,-6.341522582682573,-6.393929061290191,-6.477593002708445,-6.545446012329566,-6.6111256061318,-6.657918953020146,-6.7416068568079,-6.807392099808676,-6.884216007560057,-6.9525063312099045,-6.995362723920768,-7.076759578930554,-7.162374018320438,-7.196513281178264,-7.262921836549993,-7.341260055702626,-7.43429159156646,-7.481458199618541,-7.567567334505315,-7.640347551007209,-7.657242705831353,-7.791956342894369,-7.8385755936953725,-7.843912246542257,-7.966031709935179,-8.081021060415198,-8.158702821055389,-8.074316807904852,-8.335226113173029,-8.186819511122044,-8.475680360091587,-8.621455622573981,-8.70366355646539,-8.501354523869296,-8.450385025908268,-8.76601755628152,-8.7196095500103,-9.469845142849985,-9.379586460451131,-8.599427320932032,-8.630712759970008,-8.969939172689795,-8.994754646490463,-8.950919150999988,-8.761335096240263,-9.005238316703824,-8.945336434682613,-8.929205404400381,-8.92774507108047,-8.783004242558551,-8.802156564900962,-8.90715492552552,-8.895929089281438,-8.850964513449968,-8.853903266571773,-8.839026800757498,-8.866273829170915,-8.8303421302024,-8.839253758057012,-8.85016557483501,-8.838595062701328
-6.849142911922781,-6.915592794907787,-6.978653106780547,-7.029399079021654,-7.054986278947006,-7.042450854883902,-6.986229220563143,-6.892375124566618,-6.774026389974661,-6.643914983523711,-6.510770813077571,-6.379453864429754,-6.252256937467829,-6.130028874665284,-6.012880593522419,-5.900577067240123,-5.792740716093908,-5.6889538926139425,-5.588807211231475,-5.4919214049072185,-5.397955450922728,-5.306607871962554,-5.217615390677468,-5.130750573804922,-5.045819188233027,-4.962658310973763,-4.881135080557734,-4.801146640698894,-4.722621409475937,-4.645521981597772,-4.56985025462384,-4.495655269871645,-4.423044785545243,-4.352201816431199,-4.283407980342794,-4.217076289281192,-4.153797209649742,-4.0944036314051395,-4.040063198643477,-3.992410632002138,-3.953738316539169,-3.9272674880273817,-3.917504413976526,-3.930533112359118,-3.9731877301170777,-4.045275806831331,-4.107121060922703,-4.082488089258736,-4.026223448873917,-4.041699225144546,-4.121579487593933,-4.095983479916384,-4.102449701048964,-4.159073789971574,-4.144338343892246,-4.1875760326108935,-4.230385981432726,-4.2343403648914535,-4.2598093100322165,-4.29677594256276,-4.341706218681678,-4.404684333098722,-4.437353772116991,-4.49287014211062,-4.525717554174375,-4.578869723612417,-4.636132735715117,-4.714806208851233,-4.751895154900002,-4.817848113444589,-4.8763999102239,-4.95884135408593,-5.006943579386226,-5.075947934049281,-5.159789389210244,-5.226300834076033,-5.292844282147866,-5.3595024386673895,-5.434549266305593,-5.489645198989529,-5.573202231459071,-5.638570103808562,-5.6912170266366005,-5.761826953315467,-5.830990817602334,-5.8981826893652505,-5.986969497321441,-6.04935319199712,-6.1059272042689186,-6.188923938556561,-6.260437654677059,-6.313030207845604,-6.404402831297444,-6.463881068587913,-6.5437583086814435,-6.586650976614606,-6.677547583994169,-6.731289456303889,-6.816610834504948,-6.884574728437256,-6.927136757661722,-7.01081517251597,-7.090167133051872,-7.130762613268887,-7.197125524170915,-7.273933042496814,-7.363728410205503,-7.415335709627255,-7.49915591126853,-7.571642205287092,-7.591114797440748,-7.717443559925355,-7.759365090988824,-7.779050109035117,-7.8827424320699135,-8.012475831121405,-8.090265072921186,-8.02314932371184,-8.252350270060367,-8.129188806336757,-8.341930359061829,-8.515479763809973,-8.529438071451883,-8.389803266851352,-8.382203140867807,-8.585401396770076,-8.572481751247283,-8.947454839911549,-8.955950690626915,-8.583490319524293,-8.629790534665087,-8.817286871396485,-8.858577056678689,-8.83947324563441,-8.810645391571004,-9.026782234099356,-8.884471044756816,-8.982238916191823,-8.962417248104378,-8.777607148404156,-8.820252371115098,-8.904665164136098,-8.884647394617938,-8.875674916834818,-8.8751522759003,-8.82355738116702,-8.853817694364052,-8.834425193625831,-8.830674680173017,-8.859995807144776,-8.834658662602815
-6.98251634375806,-7.04896828448334,-7.11202538273024,-7.162754925312191,-7.188311489484156,-7.175739983371708,-7.119494948372927,-7.025636552783479,-6.907293516119487,-6.777188653609827,-6.644045852621478,-6.512725995575262,-6.385521720833517,-6.2632823314096555,-6.146119288576821,-6.033796875951881,-5.9259374887483425,-5.82212252284563,-5.721941722015881,-5.6250145520855295,-5.53099814197665,-5.439588778918465,-5.350520304664022,-5.263561441801449,-5.178512958960265,-5.095205363213371,-5.013497094751721,-4.933273762577762,-4.854448423303331,-4.776963131903303,-4.700792258872005,-4.625947814895747,-4.552487616891593,-4.480527103357626,-4.410256164105127,-4.341962807987213,-4.2760663541299575,-4.213164038593358,-4.154096768949036,-4.100042576895389,-4.052650556772734,-4.014233625080455,-3.988041802808866,-3.978616455755175,-3.9920570907925237,-4.035046749464274,-4.106421360418154,-4.163974053195053,-4.134811711894578,-4.079845947185667,-4.098696115560754,-4.174261277679832,-4.141493038211081,-4.155968774884839,-4.198695968547849,-4.194582134575135,-4.220186178937058,-4.271054916667383,-4.281398661587358,-4.301463291774506,-4.336697651072116,-4.3860068055886225,-4.427285143219651,-4.449466803718451,-4.509010781249067,-4.565080684731282,-4.615156702703342,-4.656215974468084,-4.712068405096924,-4.760504772774828,-4.8201080340948055,-4.893543156229258,-4.945486046336926,-5.010573495601876,-5.081831363871049,-5.139990666792807,-5.209619050600992,-5.283956292496976,-5.3459067332478485,-5.430636389402825,-5.492200798091854,-5.568713769288844,-5.618302599075144,-5.6935710832742386,-5.760293433033299,-5.82857592244362,-5.9161045370159355,-5.96999618035929,-6.042570194047872,-6.125001536798108,-6.194379931489515,-6.256566886323743,-6.326269960332968,-6.401099825169605,-6.454745498364982,-6.534986649084808,-6.586686635943432,-6.676397144518018,-6.723502436216692,-6.791388390661865,-6.882702442982653,-6.932556082430956,-6.998057608575951,-7.085029671550989,-7.154933807525902,-7.217125221318143,-7.265472400516114,-7.345289295782973,-7.399139809290299,-7.4624288710081865,-7.573354999307236,-7.591102413389328,-7.681262952728686,-7.789069051838808,-7.828296530843919,-7.839817609267943,-7.900489185440326,-8.064020883615418,-8.024228105377128,-8.239717785909221,-8.195654985925392,-8.199339790054424,-8.296053545688006,-8.556089637994576,-8.72978752246755,-8.578156699808677,-8.731847729357167,-8.543948391913547,-8.598328537613419,-8.832288852576875,-8.78776757553615,-8.831667203566735,-8.822686709078615,-8.87040780944654,-8.72721085818273,-8.734313845886765,-8.850777238028098,-8.74078573744092,-8.76106440715098,-8.894393088713207,-8.822628005648623,-8.818289104685807,-8.83930672887578,-8.801797721350772,-8.807421731076264,-8.89130785591994,-8.864303980110412,-8.85022001631778,-8.87480600404193,-8.830403742468214,-8.864554905599809
-7.1158786472243785,-7.18233279024469,-7.24538628907851,-7.296105072990848,-7.321639269940191,-7.3090406135858625,-7.252779131719782,-7.1589163983511295,-7.0405779450632275,-6.910477582253509,-6.777336525165591,-6.646014403259118,-6.518804649393876,-6.396557081862155,-6.279382827238175,-6.167046680479392,-6.059170241824693,-5.955334623010653,-5.855128776347449,-5.758171106036761,-5.664117524360975,-5.572662689360291,-5.483538255594992,-5.396510112702943,-5.311375375280339,-5.227959684899618,-5.146115045606771,-5.065718583146908,-4.986671989297451,-4.90890216077908,-4.832363137594365,-4.757039594741119,-4.682952483981271,-4.610167405849182,-4.538806670803809,-4.469066360798742,-4.4012402822446886,-4.335753521312367,-4.273209534699386,-4.214456581010149,-4.160682177125546,-4.113548469203056,-4.075386879274311,-4.049473118145604,-4.040379181990723,-4.054214904594606,-4.097513397148247,-4.168194328838479,-4.221842284223417,-4.188880847295114,-4.135204703117826,-4.156921061697371,-4.228006907043777,-4.189866237956744,-4.211004829121802,-4.241024307100286,-4.246860956176161,-4.257858706159866,-4.309617443423638,-4.328449481831864,-4.348403099354246,-4.382462731889979,-4.421661898429072,-4.437188826888568,-4.492089917096093,-4.516853066491333,-4.562241111429695,-4.611115602083508,-4.678923829190988,-4.714919180592121,-4.771744829135791,-4.829981916259248,-4.9031237885861065,-4.966178064197841,-5.023176613400651,-5.088594322783736,-5.1563124872896315,-5.208935282304918,-5.275445338876549,-5.359037903679758,-5.42518661303447,-5.492520999952266,-5.555819556118574,-5.619519536300339,-5.694384511882764,-5.77282393824377,-5.825905723403292,-5.909936347891598,-5.970282226543241,-6.03536559472439,-6.10936722382883,-6.172463416085424,-6.259006499952017,-6.325150871209532,-6.394641138097021,-6.454204013801647,-6.521582108445001,-6.604902733515309,-6.657131623072504,-6.723949647299687,-6.8098950222382415,-6.862555067942219,-6.930306532416203,-7.014588531558121,-7.084856273594995,-7.144534796292716,-7.196854449315335,-7.271462209971788,-7.329587983372964,-7.394875688560945,-7.500960899964236,-7.5346440763570355,-7.631016747330137,-7.706059738403465,-7.781915185310983,-7.791214302531808,-7.857435452923824,-7.943285647030719,-8.003909844567652,-8.095977670578986,-8.215885429434195,-8.216336284207976,-8.35351722807833,-8.50305959856126,-8.451867593079262,-8.729869940015982,-8.850515281375626,-8.748328208322604,-8.860736319248259,-8.552577523379233,-8.56452718304786,-9.746832539248448,-9.411331552372612,-9.328801347348975,-8.653987392436907,-8.907067938177304,-9.07722469326241,-8.833779628839952,-8.861079597521785,-8.77765920938695,-8.761146798730806,-8.91168630624933,-8.919246600038173,-8.810062837928106,-8.819277554136146,-8.864634664903438,-8.890952956407078,-8.819486864066892,-8.851564666273244,-8.834342871172302,-8.842582781054933
-7.249233703705442,-7.31568876372369,-7.378741065785755,-7.429451026937329,-7.4549683334981545,-7.442350847614648,-7.386075328113028,-7.29221139683838,-7.173876544151087,-7.043778914800968,-6.910638142118916,-6.779314604995883,-6.652101037156509,-6.529847073908489,-6.412664975651423,-6.300318459866832,-6.192429689215264,-6.0885787843308385,-5.988354481746707,-5.891374352997235,-5.797293430697754,-5.705805110111597,-5.616639459689254,-5.5295603262635336,-5.444362062888566,-5.360866745678101,-5.27892167555847,-5.19839764971146,-5.119188031054931,-5.0412085158590445,-4.9643981464216855,-4.888721434206212,-4.814172142084526,-4.740779140560978,-4.668614964690959,-4.597808087604278,-4.528560188529737,-4.461170362093674,-4.396068986315845,-4.333865243001299,-4.275414156319711,-4.22191193984108,-4.175032622689716,-4.137124356426739,-4.111485848481417,-4.102715927139352,-4.116930787937727,-4.160517173643787,-4.2305370771471855,-4.280652457320907,-4.244496655640111,-4.1920694787711845,-4.216219479524895,-4.282860383723775,-4.240747380617419,-4.267302855043184,-4.2861454648636865,-4.300545232346008,-4.300286829000489,-4.348131757001217,-4.373467442448888,-4.394651208805119,-4.42390867571833,-4.445334742436744,-4.465149895609707,-4.517843920284072,-4.558553217289354,-4.599468828711508,-4.646030140925431,-4.678434434935977,-4.7351519638145785,-4.7865131641239635,-4.8433717404169805,-4.89715236715818,-4.9558275425954355,-5.031731283895894,-5.093907440982247,-5.1474780121902235,-5.216885000357304,-5.2796658101705685,-5.347441216971604,-5.413420465856543,-5.481259247757133,-5.550858611180423,-5.615923040121834,-5.697999364729933,-5.756455699906442,-5.83665003487079,-5.8955998426071,-5.969047274855529,-6.045461691282985,-6.109228364858247,-6.180070041816547,-6.251335533967708,-6.309581453615197,-6.393054579020588,-6.457405966182084,-6.517111767251432,-6.599835334986568,-6.670529289956903,-6.722431925606761,-6.800821074635422,-6.877158825463673,-6.926768921733818,-6.9956522547056315,-7.080915197246183,-7.148086538074865,-7.221578326066301,-7.282644338870186,-7.3453068782853554,-7.416699075694171,-7.4627147515921965,-7.530067701407787,-7.636088564299334,-7.672084692260304,-7.718126135319534,-7.77899976173127,-7.928416362520179,-7.900759676312902,-8.086207114358736,-8.060452659883264,-8.084319601996299,-8.177486038727823,-8.389354561418184,-8.5132108465347,-8.470803400493471,-8.621746710649848,-8.479772509711573,-8.550607495358724,-8.662327637675416,-8.644672986386944,-8.890799110031313,-8.890085035605534,-8.977343640729751,-8.648182141415548,-8.743970167817624,-8.93522951420666,-8.7343309641748,-8.765286623257593,-8.839021912432084,-8.772597115542151,-8.84914341203773,-8.877067109935783,-8.783577669870924,-8.793602875774951,-8.89840251961208,-8.890130264238381,-8.829678229290773,-8.873216672156508,-8.822611062298783,-8.857488808167275
-7.382582310421413,-7.449038727077874,-7.512090715426826,-7.562793004708462,-7.588298392855031,-7.575666600528616,-7.519383343944191,-7.42551689102336,-7.307183505103267,-7.1770887729784825,-7.0439482794737485,-6.912623172455113,-6.785406992347882,-6.66314864057703,-6.545960527103376,-6.433606655929137,-6.325708581601721,-6.22184653972138,-6.121608569546025,-6.024611943771841,-5.930510900743987,-5.8389979640320595,-5.74980198388589,-5.6626852914068495,-5.577440267263641,-5.493886335788213,-5.411867292978384,-5.331249335508294,-5.251919641682212,-5.173785669304276,-5.096775409558408,-5.020838494907411,-4.945948661389837,-4.872107715744667,-4.799351544907231,-4.727758892153651,-4.657463770842095,-4.5886729421698735,-4.5216903365435,-4.456951203432955,-4.395070008118573,-4.336908021322442,-4.283669443806758,-4.2370391593522445,-4.199380480239434,-4.17401276222372,-4.1655584311643254,-4.180137041015317,-4.223994245625167,-4.2933939400520185,-4.340326323335078,-4.301477126372483,-4.250239852890816,-4.2764585043558725,-4.338821772843284,-4.293808756621554,-4.324686184912724,-4.333948135584748,-4.355275368089617,-4.346849012841346,-4.388299314050717,-4.416725495231111,-4.43791292216091,-4.459360489579921,-4.47030517462624,-4.509294059583184,-4.533745885636444,-4.579504153739181,-4.6161786103107065,-4.65234184229632,-4.709407587665504,-4.760086049309489,-4.805024249527479,-4.857482193133305,-4.910077294219092,-4.976507301053643,-5.031615853345007,-5.097052420240506,-5.1555784412575365,-5.223059951950881,-5.289265714675187,-5.343308970741848,-5.413382718307767,-5.478631983778273,-5.551472713316777,-5.6223730817511735,-5.6909507966554695,-5.754097457881074,-5.834336839560644,-5.892667208555499,-5.962927507120861,-6.030935041295709,-6.111709875056115,-6.180733603991347,-6.238757766669961,-6.31885600907522,-6.3890693969162,-6.447207278359935,-6.528603569441535,-6.593964235468618,-6.659454647945702,-6.721464135721802,-6.794772674965147,-6.871886237253443,-6.943057528786768,-7.000475650791827,-7.062079331720688,-7.128695237378032,-7.199853076428574,-7.272810775701861,-7.338558518175585,-7.426864814347957,-7.490461365230881,-7.525658025803765,-7.611807780755446,-7.712933077927392,-7.784419828908576,-7.795061785112182,-7.913850529388373,-7.917175875477246,-7.987927641063323,-8.093910267785736,-8.10959056932029,-8.130297726507822,-8.229298614468213,-8.234843780708372,-8.285737148937068,-8.357059747086192,-8.394273617991319,-8.76676623918865,-8.979182458020707,-8.500993267376305,-8.535905085236063,-8.572971803790583,-9.156424232261688,-8.651961371265894,-8.654967042362127,-8.731934411350641,-8.732420567820997,-9.011268194455557,-8.99231388725458,-8.749563190493074,-8.76083641649596,-8.853510630637123,-8.84625292446434,-8.858001208467453,-8.809886619662471,-8.897288461791216,-8.868388980907614,-8.851007382122443,-8.874071373397058
-7.515928468076023,-7.582383774308581,-7.645434198467185,-7.696133934472441,-7.72162875645771,-7.708986848094624,-7.652694969138227,-7.558827188691172,-7.4404974814571165,-7.310404176247462,-7.177264544689034,-7.045938413806506,-6.9187201724865615,-6.796458776712928,-6.67926599532763,-6.566906664446803,-6.459001826598115,-6.35513153260419,-6.254883631283057,-6.157874838069503,-6.063758996869906,-5.9722279275708505,-5.883009606477002,-5.795865274049738,-5.71058584874696,-5.626988757041765,-5.54491527234483,-5.464228159669841,-5.384810060967552,-5.306562351962574,-5.229404889115365,-5.153276342004787,-5.07813570116169,-5.003964834570929,-4.930772646567579,-4.858601310048601,-4.787535112059112,-4.717713080143704,-4.649346596391337,-4.582744027312244,-4.518345111311419,-4.456769205495022,-4.3988833584206075,-4.345899126428105,-4.299511324905706,-4.262097042201404,-4.2369942242326974,-4.228846131560083,-4.243773442447604,-4.2878871703868064,-4.356712037304164,-4.4007847736018455,-4.359657770274958,-4.309541515383246,-4.3375227452160985,-4.395857812166868,-4.3487566678578515,-4.3830289557103415,-4.38421852246168,-4.4108753475752955,-4.396859207712263,-4.431096983042178,-4.459607038498102,-4.479112200794351,-4.493197464428289,-4.505145559930527,-4.552630505098538,-4.567619830080039,-4.599374033660215,-4.638822315536306,-4.690578993733157,-4.7241940990285745,-4.769811471229231,-4.82503410506051,-4.871882998868508,-4.9287695669961415,-4.973468346968706,-5.031756872913145,-5.099900681981256,-5.157558111707476,-5.225616352492342,-5.282877336632886,-5.347393627760874,-5.420598362527902,-5.479327534466655,-5.555955133675583,-5.616897178953245,-5.68285716426317,-5.76079582472059,-5.822338054071794,-5.9003594114808235,-5.969896542820346,-6.030133554767705,-6.102781144091155,-6.174846719315288,-6.247226762554795,-6.3105030875097095,-6.375725495278512,-6.456643569332955,-6.522346388600121,-6.5901027619823385,-6.652900738156848,-6.720703350980766,-6.802366568560342,-6.867911017757502,-6.925127760105008,-7.005697918413238,-7.0705052025819395,-7.148092677316962,-7.216366538304718,-7.267759427512678,-7.335143827350645,-7.394535533882532,-7.491352348387517,-7.539235269897754,-7.588303816122702,-7.651836994944533,-7.76620183779429,-7.790381817235858,-7.90562039877304,-7.981465980886197,-8.016000774384676,-8.135751778537488,-8.227322057434066,-8.210801640698834,-8.417016138192478,-8.457714608450457,-8.614060397830247,-8.735350345847365,-8.37848111349184,-8.420982768183475,-8.8215810087284,-8.89719255303247,-8.854108507234438,-8.657554848032593,-9.494394567356185,-8.925629194376679,-9.17643443390809,-9.1429573721533,-8.703646300066765,-8.7797534682603,-8.965425648667276,-8.91107811040136,-8.913921072102001,-8.914597588899365,-8.788582635409186,-8.842959817071728,-8.825354799411963,-8.806655899304383,-8.880212412062397,-8.818993867045323
-7.6492702672255515,-7.715727416464332,-7.778775801786671,-7.829472412735514,-7.8549609738638,-7.842310521794795,-7.786015045463346,-7.69214589126784,-7.573816097853636,-7.443724942426023,-7.310584938379123,-7.179259097177439,-7.052038512746681,-6.929774766583312,-6.812579029221153,-6.700215663473339,-6.592305805943346,-6.488429359885258,-6.3881740593126946,-6.291156412686448,-6.197029605979688,-6.105485187721831,-6.0162504369932,-5.929085793257203,-5.843781013794095,-5.760152185738429,-5.6780386101054265,-5.597300602953615,-5.517817418598769,-5.439485996504304,-5.362220148363855,-5.285950521770553,-5.210625214354738,-5.136211424918647,-5.062698205647066,-4.990100815516058,-4.918467002241891,-4.847886060915328,-4.778501551237394,-4.710529075295991,-4.644281070861718,-4.58020142833582,-4.518914040822064,-4.461291302168556,-4.408551559468868,-4.3623987340626975,-4.325222456549908,-4.30037745359151,-4.292525455003422,-4.307786632130418,-4.352144540387439,-4.420441838423861,-4.46195066309827,-4.418891321928696,-4.369822995537001,-4.399311184920766,-4.45391222948331,-4.405332232590905,-4.442236249538969,-4.436701134977507,-4.467276713455249,-4.449684149490836,-4.476876984892381,-4.503522863219443,-4.520391371629734,-4.529951088792949,-4.5496503619636,-4.587983387153005,-4.613714080745867,-4.641370253706678,-4.680748182846693,-4.704191516593686,-4.750164514511229,-4.788314098501176,-4.841745410478345,-4.8871484596828125,-4.940004525963367,-4.994854766012526,-5.043992694449907,-5.104825734367378,-5.16118132212906,-5.226223386323151,-5.2842315465072875,-5.352526665222101,-5.412306713390353,-5.483230227528118,-5.553298439792057,-5.621887163933312,-5.687456934045195,-5.749622718144182,-5.8276675991517095,-5.895399103363483,-5.964757103961301,-6.0352599927981645,-6.097757832217562,-6.1656648202739675,-6.237081512806254,-6.311294137755318,-6.38045583187823,-6.453042750426566,-6.5159969410282645,-6.582079178026776,-6.650063193404251,-6.7282971770525375,-6.790969252609843,-6.861194504155739,-6.937446410814957,-7.007200347958879,-7.066041430669385,-7.127735040757284,-7.215198141403291,-7.270943428674153,-7.355333221708496,-7.400407214084085,-7.483392482928802,-7.566680887065438,-7.637598101137625,-7.669618152264184,-7.756743262311297,-7.80976064752191,-7.840722977089077,-7.915082851445769,-7.957683646034334,-8.064304329919898,-8.214521767597796,-8.173659085443575,-8.282534462326174,-8.258787589120972,-8.32986939922283,-8.576142821807627,-8.560770433763912,-8.66052396734456,-8.718472918944423,-8.858348498318303,-8.555402363570765,-8.683139022202704,-8.986400340195988,-8.693574159779999,-8.746936357903959,-8.766382313757404,-8.707656929780105,-8.902094655187867,-8.948561664167066,-8.762845954951793,-8.780868869079022,-8.887791545331705,-8.92988339655313,-8.796845846277499,-8.855051834009059,-8.819548999366074,-8.836283059690082
-7.782607569835492,-7.84906816795145,-7.912114975354261,-7.962808437063087,-7.9882925657326505,-7.975635987980363,-7.919335409662702,-7.8254688373229495,-7.707139289531257,-7.577048846899275,-7.4439094885679244,-7.312582911519853,-7.185361236050555,-7.063095580839473,-6.945897128447763,-6.833530962504592,-6.725617352103301,-6.62173655492023,-6.521475842093833,-6.4244515962353415,-6.330316819636161,-6.238762530071869,-6.149515718195577,-6.062336111255237,-5.977012681517678,-5.893360483050842,-5.811217423824706,-5.730441960210781,-5.650910885041634,-5.5725178255347645,-5.495172216061873,-5.418798733757923,-5.343337490545073,-5.268744877305127,-5.1949953441583645,-5.122084344263513,-5.050032761285281,-4.978893363105756,-4.908759954945249,-4.839780211892495,-4.77217359481426,-4.706256288070138,-4.642476024719851,-4.581460905784897,-4.524088287792292,-4.471582785696462,-4.4256566863414175,-4.388711061837323,-4.364115821121297,-4.356549128728356,-4.372129489439979,-4.416720576420117,-4.484537504954491,-4.5237506486818795,-4.479046861889254,-4.4309527809738745,-4.461734906998815,-4.512914521064266,-4.463309585351296,-4.502230940791405,-4.491134240553156,-4.524462204771579,-4.504786490980043,-4.525593046223719,-4.54941276115275,-4.563539282485938,-4.571727230020658,-4.59972961379979,-4.6213535745245204,-4.6556411416686645,-4.6829081009377544,-4.7051597849931674,-4.743624927918727,-4.776367213401827,-4.821651600812079,-4.855855561799561,-4.903748828533624,-4.951236137871801,-5.000385839770351,-5.0608496562924845,-5.1129833250766294,-5.173335774720616,-5.2274465041896105,-5.294822734243959,-5.356960261636303,-5.4213037522938405,-5.487020907887865,-5.552398588376961,-5.618974853708221,-5.687916605106967,-5.749977747689788,-5.824700986997752,-5.892299476403488,-5.959756618806635,-6.031866854713411,-6.100143619620158,-6.16997498354913,-6.238461394762905,-6.302320401625992,-6.379019161204699,-6.442281941065399,-6.510988069568268,-6.579663563663368,-6.651840704770459,-6.71715758146528,-6.797059486077441,-6.8550086739430895,-6.922864133318342,-6.996180965615255,-7.073030787163655,-7.126220971008511,-7.1998403044217305,-7.261141432888944,-7.353317873119143,-7.417225105307371,-7.465750084232017,-7.544255838955611,-7.587655677129862,-7.708813115512129,-7.71365086302429,-7.813207660404616,-7.8983359525977,-7.9216139475004335,-7.962791484727993,-8.07946798710187,-8.078817720999163,-8.16382273803933,-8.183146413173011,-8.244939515766566,-8.576448014957242,-8.576092353800291,-8.530245303868892,-8.595909070599847,-8.724663942621245,-8.53267897957669,-8.627118317253398,-8.924012211917988,-8.65913493437113,-8.720317543812085,-8.749276692799542,-8.686275337912097,-8.914662762014443,-8.975651015413993,-8.75431429061642,-8.776366851430291,-8.879357142656449,-8.94336172179363,-8.785134191791567,-8.844319915098744,-8.821537414811628,-8.826067845754892
-7.915945546347104,-7.982405347141108,-8.045451761006982,-8.096143249640543,-8.121624102958945,-8.108965391605535,-8.0526621538612,-7.958791989396197,-7.840464631552127,-7.710374583426085,-7.577234764193614,-7.445909090335458,-7.318686089537805,-7.196419312205488,-7.079219394822645,-6.966850831401441,-6.858934886670417,-6.755050699199492,-6.654785972925406,-6.557756880868996,-6.463616146340254,-6.372054735507489,-6.2827989918129,-6.19560836670804,-6.1102712335549985,-6.026601829642104,-5.944437069409491,-5.8636340344478315,-5.784067704224736,-5.7056293077570555,-5.628224990870858,-5.55177507262858,-5.476213784124026,-5.401489563513816,-5.3275660994023735,-5.254424292800279,-5.182065268558481,-5.110514952629033,-5.0398306210231185,-4.970110157362219,-4.901504983716666,-4.834238087268169,-4.768629111521994,-4.705129352210548,-4.644370818067377,-4.587235468757979,-4.534953718277869,-4.489245544697587,-4.452522476987074,-4.428168190333032,-4.420875524893734,-4.436760524403153,-4.481574690545973,-4.548957044166407,-4.586116290003937,-4.540008630802909,-4.492816782449842,-4.524715395912084,-4.572786826410598,-4.522492923694972,-4.5629457186673115,-4.547268816748576,-4.582429924730471,-4.561730601586456,-4.576993933421831,-4.597704660246767,-4.609495858117854,-4.618621889225,-4.651436911545538,-4.6597632634483865,-4.691239287112229,-4.714495761024324,-4.7368763471104876,-4.774353775416489,-4.808286768416282,-4.838975597974769,-4.879850197101538,-4.922425043203499,-4.967654211154904,-5.018038107746569,-5.067213748995067,-5.1245713246566895,-5.175473537610177,-5.23319771913083,-5.295401209185507,-5.360924651904014,-5.417921214425445,-5.4843679857409775,-5.553107000848363,-5.61812003067011,-5.686357214466719,-5.747513124019764,-5.816787299171228,-5.888719969448476,-5.959477660707743,-6.0272235302858075,-6.093030435062564,-6.16114944509442,-6.2326498817223435,-6.304072585597118,-6.370790620078775,-6.442020069573491,-6.513253146066709,-6.5784205843990415,-6.6550699006346345,-6.715126843877541,-6.794276722569619,-6.862981369726296,-6.921018993390959,-6.9927075920022235,-7.057529701022933,-7.13634608969956,-7.191217057826991,-7.281214707214216,-7.3481269810375505,-7.404102786212812,-7.486323868578794,-7.523418486552584,-7.62615251046036,-7.672011826663342,-7.712914114896311,-7.777684618064944,-7.843613452868591,-7.985647897663904,-8.077147683617943,-8.14757096213032,-8.246735687744865,-8.304276331908973,-8.418105993556896,-8.233691928117963,-8.28666591692755,-8.520899284411236,-8.557899990783952,-8.543166786468849,-8.714208684841724,-8.823194200005934,-8.611192934137904,-8.955653354154505,-8.859668713163565,-8.792217846023906,-9.079426611728492,-8.733241823163018,-8.71801456650988,-8.959389673032417,-8.919024307316391,-8.801899894563816,-8.762356203731143,-8.942108951802162,-8.854683217547318,-8.869940114779705,-8.88302890516014
-8.049284202432174,-8.115743594131748,-8.178788028599772,-8.229478999316603,-8.25495675517532,-8.242294767539116,-8.185989189621043,-8.092120033606442,-7.973791949467785,-7.843701842811191,-7.7105642072274865,-7.579236038852102,-7.4520138039126795,-7.329745620844124,-7.2125446318715,-7.100174381732142,-6.992256538609258,-6.888369817213298,-6.788102205624035,-6.691069580567607,-6.596924551406364,-6.505357737387371,-6.416095486557871,-6.328896762570271,-6.243549529109139,-6.159867484511575,-6.077686771725888,-5.996863427724285,-5.917271169634254,-5.838799399312165,-5.761351886215935,-5.684845727778475,-5.60921081389538,-5.534389733732772,-5.460338281498381,-5.3870266241213,-5.3144413737354705,-5.2425887188620965,-5.171499106136625,-5.101233878014549,-5.03189460806133,-4.963636132554652,-4.896684681193926,-4.831363085237398,-4.768125945763709,-4.70760890103773,-4.6506981900350155,-4.598629590650548,-4.5531301662703365,-4.516621010595389,-4.492498307245032,-4.485468047771313,-4.501643295467365,-4.54667103577713,-4.613662318787167,-4.64898461568507,-4.601674701197262,-4.555316104594722,-4.588183226787206,-4.633448986901768,-4.582713185332317,-4.624318728506725,-4.60487748495573,-4.641174159455005,-4.620171870106009,-4.630749728301432,-4.648457114566297,-4.658494916824144,-4.669778434549588,-4.702701830625662,-4.705251590832244,-4.728509581961602,-4.749695347209662,-4.783501143687912,-4.803759154920019,-4.836038502714164,-4.8766114341402105,-4.91378344302343,-4.945632874531993,-4.988614899654938,-5.040868660464378,-5.086765794158876,-5.139172336153816,-5.189622381895102,-5.246213604340932,-5.300381502736915,-5.364458416369588,-5.425902570391004,-5.484308894115625,-5.553278382835919,-5.619198655529443,-5.684547332735055,-5.750130881273778,-5.820211841452846,-5.887256416481461,-5.951313448171765,-6.024906933589097,-6.09407736438472,-6.162580060459261,-6.232747853890181,-6.302868595089858,-6.372897604941805,-6.438455356878027,-6.508840448167648,-6.577971752378565,-6.645050821653897,-6.7218131402036105,-6.789100698461716,-6.851543634849887,-6.9302770160581915,-6.993183990688021,-7.055785966646207,-7.13993248673089,-7.189462892666399,-7.256475466322225,-7.326514379462492,-7.3898509600773785,-7.464582872935464,-7.559725995674093,-7.585090034754562,-7.662710875966858,-7.728574948631577,-7.774163416584411,-7.898106804347564,-8.003011301253757,-8.069900122718872,-8.160588408238764,-8.239408685512535,-8.32930038303058,-8.184127372254062,-8.26739576645539,-8.34950772359109,-8.379740074352497,-8.393468602702107,-8.990285397771412,-8.530156521227347,-8.498699738958104,-8.606876962867165,-8.600572105423234,-9.428091842646845,-8.997144144879506,-8.657188242428262,-8.702780091109686,-8.735675884756326,-8.736700430230451,-8.993090343025415,-8.860917597148811,-8.856336603692773,-8.94225086626647,-8.785105608056535,-8.894131295594072
-8.182620656318873,-8.249076846827744,-8.312126006439359,-8.362814242083987,-8.38829011394214,-8.37562331804551,-8.319318864867935,-8.225449251359626,-8.107121806411355,-7.977032731851401,-7.84389306441929,-7.712565353634506,-7.585342281428541,-7.463074225505518,-7.34587207046788,-7.23350058892554,-7.125581211079174,-7.021692640328566,-6.921423004688212,-6.824387655394241,-6.730239473307414,-6.638668820994708,-6.549401720712831,-6.462197047850375,-6.376842375042111,-6.293151031423332,-6.210958555692456,-6.1301202887181026,-6.050508966433251,-5.9720126347352265,-5.894533321070996,-5.817985780289058,-5.742296692480933,-5.667404350953911,-5.593258713177927,-5.519822085546556,-5.447070374720336,-5.374995275696257,-5.303607522224657,-5.2329416235476875,-5.163062582307441,-5.094075326550018,-5.026137813603997,-4.959479246312585,-4.894425410160067,-4.831433966520745,-4.771143932927711,-4.7144455187610355,-4.662579474924335,-4.617279390427926,-4.580975125024419,-4.557074246582887,-4.550294567488415,-4.566745862314611,-4.61197806124581,-4.678618947586608,-4.7122983125572,-4.663955618966397,-4.618365086508527,-4.652077014120901,-4.694822065617413,-4.643824759365174,-4.686291521628331,-4.663757679268923,-4.700677556060983,-4.679840559482953,-4.686522293334028,-4.701516969775642,-4.710357115130293,-4.724123235503544,-4.753281978578979,-4.756383628764187,-4.7725092180702715,-4.795252105967207,-4.826832333167756,-4.849922121819931,-4.879601687256453,-4.902641094385743,-4.937667620367356,-4.976304762589351,-5.013124288633528,-5.0593770565398,-5.1027772340582915,-5.154658161079205,-5.205727821666777,-5.258374620568659,-5.3121152005814345,-5.368313742029932,-5.427975696725515,-5.492054445380466,-5.553108074205651,-5.619725022334301,-5.681092149855406,-5.748935689692432,-5.817705355125518,-5.884402259424582,-5.9499431369595115,-6.023403606559095,-6.089171656908528,-6.160479261675737,-6.2261219126341665,-6.2992370807104345,-6.367630229529108,-6.43487065348739,-6.509677792709191,-6.576961183572648,-6.641728733405993,-6.717169000843085,-6.780162259994796,-6.856442295894349,-6.9229405178919805,-6.989715945288625,-7.061658787284961,-7.130519173644746,-7.203277321868479,-7.271218583540652,-7.347026980193508,-7.415442824839135,-7.454035581697505,-7.541711515285654,-7.631193158976308,-7.698924087286736,-7.724086533368092,-7.793613017138365,-7.923994911998543,-7.973727184818365,-8.082588631109417,-8.15529417387845,-8.23931501032498,-8.137962316011306,-8.246328825301068,-8.250578588941364,-8.287076640010472,-8.331218794386317,-8.6986558109652,-8.419810421255326,-8.519887572575154,-8.498520958167527,-8.54685826912588,-8.832597835429851,-8.650128323195368,-8.809264162049445,-8.957866246134452,-8.695434459425112,-8.734247182739075,-8.867431903949381,-8.995268527572131,-8.747298003596931,-8.80513319175902,-8.835656867817882,-8.7898573009477
-8.315956804365928,-8.382414857317192,-8.445459965884115,-8.496147061645264,-8.521620602973332,-8.508956847232472,-8.45265074115102,-8.358778304315228,-8.240455108249163,-8.110365019943494,-7.977224583479567,-7.8458960755994696,-7.718673568862411,-7.596403582447933,-7.479201368658386,-7.3668290204441504,-7.258908147207081,-7.155018473468092,-7.054747042105057,-6.957709860781881,-6.863559364873658,-6.7719858183657395,-6.682715163718231,-6.59550605631424,-6.510145952791614,-6.426447753016418,-6.344246621496666,-6.263397383029886,-6.183771995429607,-6.105257595339976,-6.027754919508794,-5.951176920954832,-5.875447977086239,-5.800503187050847,-5.7262882532326085,-5.65275966834225,-5.579885490964567,-5.507646737995132,-5.436039658137201,-5.365079049344737,-5.294803073711082,-5.2252800573479785,-5.156617978469212,-5.08897764243556,-5.022590997193997,-4.957786552912679,-4.895024811783502,-4.8349479354158165,-4.7784498263980115,-4.7267758390493615,-4.68166558242369,-4.645556956790984,-4.621867907224257,-4.615326904393582,-4.632040279128189,-4.677468080294895,-4.743796129498611,-4.776005659506253,-4.726773076965383,-4.681889581643395,-4.716342534302258,-4.756830652454689,-4.705702424428282,-4.74880834338521,-4.723731678464786,-4.760909958664989,-4.740525629213379,-4.743999284429196,-4.756634964255923,-4.764723048207704,-4.780718694852715,-4.803880857319393,-4.810807062713651,-4.822944719355572,-4.846889739204766,-4.864777345386561,-4.891734664116715,-4.91101222171981,-4.945276907701966,-4.972757403896029,-5.00938245098849,-5.041490903773361,-5.080911980854379,-5.127267862330103,-5.169118739971787,-5.220880029880146,-5.2673585084127375,-5.3245925498511015,-5.377051450377875,-5.4383472211503285,-5.498056167009634,-5.55547558381663,-5.61965766006882,-5.684551920326871,-5.751628081615923,-5.817876267257254,-5.884740580582455,-5.952876807406129,-6.017357106894231,-6.088157943061429,-6.155351086543019,-6.227990701750521,-6.293978949686777,-6.366968007344681,-6.43600649015899,-6.5059766899449665,-6.5744986292954,-6.64116471880631,-6.715782075024045,-6.778813400965342,-6.849159614051998,-6.920760506481705,-6.983796826942746,-7.06455754546605,-7.12681278644673,-7.191112785320779,-7.258231013627841,-7.320905404938973,-7.39582988036168,-7.487072611030339,-7.558728241099229,-7.629750043046055,-7.6559251027980455,-7.740609163410032,-7.848501163639377,-7.926736454248716,-7.957153344079888,-8.035393105306545,-8.042900873764289,-8.224700421166707,-8.318492037356652,-8.27708125789209,-8.413048125121504,-8.602515495830689,-8.337139096055806,-8.813747314608138,-8.700878972717794,-9.178929805456878,-8.984513882121371,-8.649360390548342,-9.07585771927083,-8.649855114952658,-8.634486145258037,-8.866143751027003,-8.807237940721656,-8.88762215178362,-8.768687552889732,-8.939485557383717,-8.974872857990036,-8.778420089907533,-8.933457138440046
-8.449284904335379,-8.51574986882647,-8.578796226215982,-8.629475349771457,-8.654944782864995,-8.642288886721984,-8.58598160304754,-8.492106567810866,-8.373782453303017,-8.243695951833127,-8.110554056373909,-7.979227448037819,-7.852003945510993,-7.729733873103766,-7.612531394468278,-7.50015836053893,-7.392236696672078,-7.288346144714772,-7.188073665603138,-7.091035028775288,-6.996882690781748,-6.905307098631829,-6.816033816961698,-6.728821493132041,-6.6434573409702,-6.559754139238907,-6.477546623685928,-6.396689326607246,-6.31705363290881,-6.238525916437811,-6.161006023848903,-6.084405630061743,-6.008647359331284,-5.933663996577607,-5.859398076140868,-5.785801833226069,-5.712837554067617,-5.640478407131186,-5.568709978522509,-5.49753258781526,-5.426964686484374,-5.3570477419798435,-5.287853087398893,-5.219491476284532,-5.152126333586114,-5.085992125273166,-5.021419883305658,-4.958872752588115,-4.898995817758204,-4.842686412632238,-4.7911941588936005,-4.74626422149845,-4.710341882037171,-4.686854560771465,-4.680540360943639,-4.697502130607223,-4.743116860204152,-4.809166417702736,-4.840060295179501,-4.790058662952546,-4.745825449123956,-4.780931966402638,-4.819404256121708,-4.768238591939151,-4.811816102466654,-4.784645059925001,-4.821830509587917,-4.802060798119551,-4.802907162876761,-4.813535838952624,-4.821192411994544,-4.8388735533226646,-4.855331977415393,-4.86666966080458,-4.877245062201072,-4.898785675512625,-4.9071438620702885,-4.929279792806218,-4.953145158782439,-4.97673666195265,-5.008346462565938,-5.037106683156668,-5.074074407440379,-5.107258718392028,-5.1468950515637,-5.1909129125909965,-5.238787991819955,-5.287380137859332,-5.337775019722032,-5.391624261751359,-5.443564669112973,-5.503118664606377,-5.561044438628315,-5.622315493567763,-5.688213952299562,-5.750079744759452,-5.817457490298869,-5.8833729928925775,-5.949900473931436,-6.017998705635817,-6.08515721660867,-6.15446335150975,-6.223203264863693,-6.29033011909785,-6.359524028981222,-6.432666218332296,-6.503359371511836,-6.570517520366756,-6.63914637230288,-6.70568424052143,-6.779077529945082,-6.852881344960399,-6.9194881042661915,-6.982667760058387,-7.062732145849632,-7.129055097194074,-7.186576896022286,-7.255366674322304,-7.317946698961661,-7.3915885183217,-7.459731956285614,-7.515676422383658,-7.623447887649745,-7.654988766949637,-7.734748606343924,-7.80309780625373,-7.9254360983967995,-8.001082945849943,-8.018934743639964,-8.120013067954268,-8.238892714515242,-8.224447715772321,-8.380778883109835,-8.503597894637089,-8.3410710877854,-8.643091263502342,-8.430089900518599,-8.599398314539314,-8.526092935584355,-9.323015607295835,-8.83562245572455,-8.604790292284068,-8.730813638329119,-8.626529117691344,-8.663798616420522,-8.923695014766496,-9.077804934492798,-8.715399930827834,-8.777730120384303,-8.849763537259754,-8.762045205185517
-8.582610743868127,-8.64907130952169,-8.712128090504796,-8.762814369956244,-8.788288210262198,-8.7756131364982,-8.719304050919856,-8.6254353503182,-8.507117108446508,-8.377027674352341,-8.243887117298241,-8.11255868759929,-7.985336016381173,-7.863065591622165,-7.74586164910349,-7.6334886462582885,-7.525566472890919,-7.421675190398057,-7.321401821409751,-7.2243622951615825,-7.130208706284731,-7.038631509432978,-6.949356349556095,-6.862141648968363,-6.7767745939229265,-6.693067616902357,-6.610855481072175,-6.529992195872111,-6.45034889520711,-6.371811437834302,-6.294278886912692,-6.217661991937593,-6.141882152353146,-6.066870400898802,-5.9925669615492225,-5.918920956347151,-5.845890384072441,-5.773442660406674,-5.701555542259613,-5.630218695312818,-5.55943607935212,-5.489229448093065,-5.4196432519832936,-5.350751557993049,-5.282667657814622,-5.215557368404372,-5.149657486487083,-5.085301372702282,-5.0229546281612105,-4.963265055511632,-4.907133177423779,-4.8558125746231875,-4.811053537992158,-4.775308135586849,-4.752012446147368,-4.745913302693412,-4.763110111185783,-4.8089032401004514,-4.874705466874274,-4.904420885198378,-4.853752700948223,-4.810117232662832,-4.845803218692797,-4.882478035618755,-4.831340870910447,-4.875264618460829,-4.846364466106769,-4.883390907331967,-4.864313466689775,-4.86301324699859,-4.8719552408555185,-4.879392310808887,-4.898132037969149,-4.9082070893773295,-4.923003752446408,-4.933053307988316,-4.948939839784516,-4.957177702944307,-4.974747735970473,-5.002249137942689,-5.022929539461239,-5.046932601865781,-5.074645475380828,-5.107960827405335,-5.137448235636862,-5.17483210387981,-5.216869521438658,-5.260202340888185,-5.303060859881168,-5.352254929514772,-5.401183955301678,-5.455445678112753,-5.511280829070093,-5.568370580392472,-5.628177956291802,-5.689207469639162,-5.752270225691255,-5.816241118285963,-5.884495074790558,-5.9500729197150255,-6.01492301249647,-6.085404884201713,-6.150502966192269,-6.219521680237408,-6.29113498864744,-6.359568172235115,-6.427526690733793,-6.496190116948435,-6.565297936990874,-6.635826597221282,-6.707655584933014,-6.774505844840286,-6.844252285010201,-6.914644428568432,-6.983957177254937,-7.048722305040909,-7.121465677570542,-7.182375765954324,-7.250240677260071,-7.318048336915482,-7.382615725791154,-7.473985576713804,-7.527193180197294,-7.619590431664937,-7.656305447525255,-7.710094860311923,-7.809292921823282,-7.906026846407389,-7.979875658871999,-8.034166746589433,-8.149691401013287,-8.200787443657179,-8.32525917635454,-8.287280855198382,-8.468771545330036,-8.315866218470443,-8.357505391654264,-8.37790345025258,-8.488191049266726,-8.503728746876288,-8.511489543003007,-9.192547400662875,-8.796181328997708,-9.512850369342301,-9.13405227351209,-8.719844789744956,-8.68507732234008,-9.065393515366425,-8.979614961864147,-8.766156701240256,-8.97070512129267
-8.715947604400869,-8.782415018993598,-8.845457185196562,-8.896150600639727,-8.921605903076367,-8.908945106950123,-8.852635836744733,-8.75876935358416,-8.640448536819795,-8.510356858689793,-8.377217948498286,-8.245891012566762,-8.11866688080074,-7.996396890595533,-7.879193708529173,-7.766819830933068,-7.658897784863506,-7.555005588932395,-7.4547315371171745,-7.357691121611642,-7.263536761649864,-7.17195837610388,-7.082681702527255,-6.995465362544529,-6.910096048509533,-6.826386398731788,-6.744170755465546,-6.663303162429563,-6.583654258769844,-6.505109579160837,-6.427567722570311,-6.350938710056154,-6.275142984659409,-6.2001103646545115,-6.125779319932766,-6.052096691836572,-5.979017355275201,-5.906504472772506,-5.834530037233882,-5.763075892200658,-5.692135349958764,-5.621715668805093,-5.551841569474863,-5.482560204744805,-5.413948134559969,-5.346120964044243,-5.279246713987532,-5.213564319960597,-5.149409310028945,-5.087249561804245,-5.027735404417914,-4.971770328474863,-4.920611581085062,-4.876014191885325,-4.840436467274286,-4.817322410772011,-4.811426783218082,-4.828845646277216,-4.874808778259682,-4.940391766419025,-4.969050735115492,-4.917803196255684,-4.874717005317874,-4.910919320251935,-4.945993071079017,-4.8949299424907675,-4.939106918790886,-4.90877517497939,-4.9455386814927165,-4.9271763353828115,-4.924122683254593,-4.931656084318546,-4.939003184763127,-4.958217735631144,-4.9627576808294505,-4.979551036674227,-4.989128595200932,-4.998571813189638,-5.011618996416301,-5.027423211726815,-5.045446657853781,-5.066825907625372,-5.086433992349603,-5.1141135729719815,-5.13991074152828,-5.171478745983099,-5.206603407795151,-5.242083784140712,-5.283168638795545,-5.323244236053911,-5.368772261009113,-5.419845113358578,-5.469626947392998,-5.522902931078326,-5.577180195532989,-5.635483390669117,-5.696615302964437,-5.758056975501674,-5.821428981753297,-5.8853865759780915,-5.950943404905643,-6.017454478299638,-6.084530907893869,-6.1499023339667875,-6.218296903504874,-6.288427216404826,-6.357105311874569,-6.425251481026486,-6.49716753336009,-6.562600439829636,-6.6344365626709605,-6.706864713310233,-6.770545618884547,-6.840822556047026,-6.907179161953765,-6.986815899410973,-7.0572268622517855,-7.116511071358714,-7.17958327153448,-7.2517696234613105,-7.33909553306219,-7.3836981281342275,-7.482506644043752,-7.527937845244089,-7.592558311490344,-7.641896815983435,-7.771343095176974,-7.826879174569414,-7.8304883480611265,-7.927835291899923,-7.963016584210271,-8.01035742074558,-8.118695436777237,-8.323074094215634,-8.238561965523896,-8.360340314582416,-8.2812752008732,-8.327954528509668,-8.435181763098976,-8.443261156931607,-8.506088110251206,-8.779409010643635,-8.59548218973657,-8.896271150510936,-8.72237569251304,-9.053111378412144,-8.867599100227173,-8.74925293952402,-8.900000741816502,-8.752475278414277,-8.75768005017109
-8.84929284820895,-8.915727411412243,-8.978774200317298,-9.029457490438514,-9.054950209213311,-9.042288164313499,-8.985965961960723,-8.892101345681382,-8.773782175692194,-8.643693535400033,-8.510551259204087,-8.379225066168567,-8.252001006044985,-8.129728858231257,-8.012525773069827,-7.900152169500215,-7.792229151695854,-7.688336812973939,-7.588062183083857,-7.491021243742243,-7.396866063915308,-7.305286914169693,-7.216009293678123,-7.128791611734194,-7.04342071003797,-6.959708974957813,-6.877490854336664,-6.7966200180337415,-6.716967032411179,-6.638417033251829,-6.560868316842968,-6.484230389710959,-6.408422987659201,-6.333374993491404,-6.259023669660177,-6.18531409413904,-6.112198872266248,-6.039638052406229,-5.967599388083246,-5.8960589546542845,-5.825002247350798,-5.754425870838164,-5.6843400458573745,-5.614772174679275,-5.545771875351468,-5.477417967987439,-5.4098281825535155,-5.343172553434164,-5.277692003056148,-5.213724058700661,-5.151738714007572,-5.0923886527025575,-5.036580117487797,-4.9855737592602365,-4.941128985086454,-4.90570984130103,-4.882767592253434,-4.877064212052929,-4.894692554193558,-4.940817430607582,-5.006206374646746,-5.03391738157092,-4.982164884477831,-4.939583361455953,-4.9762478681654,-5.009896325155072,-4.95893771740938,-5.003299474161851,-4.971778730197362,-5.0082199700392325,-4.990561251795866,-4.986073525698744,-4.992433504478899,-4.999762845019462,-5.018972440633885,-5.018997182649933,-5.036428019402962,-5.045213890000558,-5.049519936394083,-5.066731502454167,-5.080806406375364,-5.089988536358105,-5.108383453603925,-5.13424477128669,-5.153557498108397,-5.179052802947704,-5.209288620872918,-5.239919260320007,-5.271218350296158,-5.307544674440236,-5.347914460252328,-5.392471832555215,-5.4381029258740625,-5.484745289845541,-5.537460787542098,-5.589550473477832,-5.644033847189333,-5.704266598866128,-5.763526358771152,-5.823947923660377,-5.885896628752608,-5.949906385478422,-6.016672525368093,-6.081438993787082,-6.149611218330043,-6.218862544556985,-6.284287359430599,-6.353125241499862,-6.424047804287229,-6.49259212700751,-6.563913053158346,-6.629759232104791,-6.703819633796748,-6.770254090308266,-6.8428098350659035,-6.911611836454457,-6.984744694020337,-7.044002351916939,-7.124435734771476,-7.177249760611859,-7.2670000540499995,-7.318073579232301,-7.378671761373449,-7.450663346667306,-7.546295234930936,-7.575945983707683,-7.694456906239773,-7.709195199018865,-7.8332672686527625,-7.875887060577247,-7.9531038101846105,-8.036128033583326,-8.008996668188813,-8.180341514480961,-8.151773595290537,-8.280950122804537,-8.249076366446209,-8.31201655773731,-8.607462078045659,-8.413649398891902,-8.945989258545938,-8.459452319919572,-8.61680012475504,-8.549784677451582,-8.700371432433174,-8.62028820698727,-8.679355028845324,-8.981680182751276,-8.818680280304593,-8.802019017166678,-9.046125798607566
-8.982616893040442,-9.049084321917917,-9.112120501960858,-9.162798693279042,-9.188164481881673,-9.175604799755627,-9.119309134654308,-9.025429116831395,-8.907112956030883,-8.777025309173816,-8.643885931979863,-8.51255716833229,-8.38533085395774,-8.2630616223447,-8.145858510069218,-8.033483566020019,-7.92556082774647,-7.821668143897525,-7.721393305620965,-7.6243521121629945,-7.530196557713152,-7.438616673843735,-7.349338298453135,-7.262119688889462,-7.176747520581059,-7.093034424124385,-7.010814415197587,-6.929941215230855,-6.850285184851036,-6.771731324379437,-6.694177556644741,-6.6175330843237115,-6.541717087027252,-6.46665778738241,-6.392291522673516,-6.318562126635168,-6.245420524867276,-6.172824441325309,-6.100738515791343,-6.029134606716831,-5.957992452798886,-5.8873008235305715,-5.817059281823488,-5.7472807274730355,-5.677994999679528,-5.609253945512919,-5.541138457601482,-5.473768197672838,-5.407315072468263,-5.342021824081576,-5.278227835723192,-5.216405071100159,-5.157208395617693,-5.101546615683981,-5.050683537235755,-5.006382610639934,-4.971113169686439,-4.948333136707609,-4.9428110597927475,-4.960636745105127,-5.006915259277476,-5.072132659168994,-5.09899218327467,-5.046798384206231,-5.004680538097977,-5.04176052262537,-5.074140406070536,-5.023305745727109,-5.067802329584895,-5.035290752986789,-5.071381640347831,-5.054394768010541,-5.048731522846054,-5.0541140956032145,-5.06146086516133,-5.080306972143975,-5.076802609297041,-5.093857557330506,-5.10155521190943,-5.102825263432624,-5.1211127941151116,-5.13234952732691,-5.1417005759760475,-5.159184986894429,-5.175750074696268,-5.198302401748318,-5.222568929182298,-5.247689316593205,-5.2752171928914775,-5.306260744754352,-5.340407518274015,-5.374656898086125,-5.414314124123286,-5.4589141157079455,-5.502535137555755,-5.550961961400954,-5.6032412805197644,-5.656327017104968,-5.712954766785928,-5.768761656360063,-5.8283847159123985,-5.890317762517173,-5.954770796421487,-6.017844292286884,-6.083531487604872,-6.14826339391286,-6.216414782818692,-6.282563740740958,-6.350825657817491,-6.4227706425577695,-6.491815297196436,-6.559287868983538,-6.631118044551717,-6.698218787749342,-6.768989018758253,-6.837850545536886,-6.907438460365338,-6.9788330458963985,-7.0405262730120395,-7.109770846967442,-7.18866880345801,-7.261315123313092,-7.32591483074587,-7.384236796948269,-7.453505102954622,-7.544261924914677,-7.585111678912497,-7.677461898226027,-7.749054470900818,-7.829404212118627,-7.829820681103105,-7.890910281182725,-8.074756523552614,-8.010890420733396,-8.08391817981522,-8.3170321738115,-8.176499121462353,-8.256677722230316,-8.596151853017025,-8.488775208514145,-8.608754984819033,-8.61945004835181,-9.032622136247985,-9.356047226832674,-8.816530955297843,-8.99604504642556,-8.973095922333675,-8.63496396829015,-8.688909726534286,-9.020104557591921,-8.752008184225316
-9.115958202845906,-9.182395212224117,-9.245435478874136,-9.296094778404111,-9.321620751478854,-9.308863643957691,-9.252618866592787,-9.158773400219333,-9.04044574487512,-8.910358217348541,-8.777218807843205,-8.645886744276867,-8.51866653278061,-8.396394350778966,-8.279191528866619,-8.166816212937725,-8.05889312671224,-7.955000362525988,-7.854725537431738,-7.757683532056426,-7.663527616778445,-7.571947517836234,-7.482668485514841,-7.395449176995445,-7.310076192998755,-7.226361927051432,-7.144140580644807,-7.063265634666976,-6.98360737505618,-6.9050506769384,-6.827493172505135,-6.750843873412569,-6.675021562859851,-6.59995395635549,-6.525576699128968,-6.451832725114862,-6.378671703978731,-6.306049674201101,-6.233928987583206,-6.162278383648483,-6.091073374461375,-6.020296964907553,-5.949940894788427,-5.880007395402389,-5.810511789151214,-5.741486116377161,-5.672984264893593,-5.605089008792708,-5.537921801162211,-5.471656252116337,-5.406536792098716,-5.3429045283582655,-5.281233244461046,-5.222179844281568,-5.166655511439377,-5.1159269765760325,-5.071761431289415,-5.036633078843913,-5.01400595130687,-5.008654599286846,-5.026665955166171,-5.073090172241043,-5.1381560520309,-5.1642499264252555,-5.111669443911908,-5.069977650707817,-5.107432546339654,-5.138683212304892,-5.087983847980669,-5.132579126530665,-5.099238983736506,-5.134972777411826,-5.118614948015517,-5.11198532706518,-5.116552679862316,-5.123929848126866,-5.142167736019254,-5.135991288823784,-5.15202615113973,-5.1585034381938915,-5.15865973248227,-5.1752432166450415,-5.18365905355457,-5.197457034617244,-5.212882695107893,-5.225561136800269,-5.245595790426811,-5.26309493572808,-5.285849469950851,-5.312437185072949,-5.342489240983021,-5.370479478599025,-5.404540470614363,-5.443178278411072,-5.4832447381386,-5.5258095841765815,-5.571268203704149,-5.6191392451147575,-5.669241580686463,-5.723457058064022,-5.778724000466856,-5.836039398070711,-5.896592003919755,-5.956450124636641,-6.020643721789119,-6.08515736834758,-6.1500767374135785,-6.217257123376413,-6.282905509944697,-6.351241261895246,-6.4206078607212955,-6.48553147425195,-6.554148133077906,-6.623628454178301,-6.692568188222666,-6.761421034841788,-6.832811752975187,-6.903111112828065,-6.967506859326854,-7.0410833766484995,-7.119567403762303,-7.180016304161252,-7.248163674933493,-7.326303769518991,-7.374778543339098,-7.450940723589831,-7.513359900850979,-7.612874825929183,-7.69363013230494,-7.7314209093014705,-7.84142707710375,-7.852416622082701,-7.98649046224504,-7.94866191696055,-8.01720219515208,-8.074378842468459,-8.322614046138408,-8.27416425744395,-8.266276903606666,-8.292497900218294,-8.683572946926231,-8.532117760417995,-8.77543615619785,-8.892705771454203,-8.533050677584026,-8.908497098788551,-8.83088701823753,-8.826963688598193,-8.814717012674627,-8.691053186014418,-8.890638838546712
-9.249265996218483,-9.31575193036103,-9.37879909257142,-9.429476788083864,-9.454639743098044,-9.442161439864943,-9.385847394231346,-9.2920866030877,-9.173766080087328,-9.043690529585863,-8.910550327741639,-8.779224490839255,-8.651996505349313,-8.529726107968267,-8.412524108079467,-8.300148707561387,-8.19222647853829,-8.088333116974553,-7.9880575200952775,-7.891015489157285,-7.796859545755157,-7.705278966912086,-7.61599934992903,-7.528779558173638,-7.443406099107264,-7.3596910612879105,-7.277468642318265,-7.196592415401857,-7.11693250075179,-7.038373674752871,-6.960813475828376,-6.884160644288279,-6.808333649303599,-6.733259941400407,-6.658874604862615,-6.5851198933957535,-6.511944590947824,-6.439303479855429,-6.367157232997132,-6.295472274146612,-6.224221024564229,-6.153382256817929,-6.082941942747056,-6.012894483951521,-5.943244529383134,-5.874009580102989,-5.8052237030490685,-5.736942628025099,-5.669250857354488,-5.602271482597862,-5.536179686521541,-5.471221462515839,-5.407739506908799,-5.346209305348549,-5.287289647042073,-5.231893927405048,-5.181291588817734,-5.137253284001452,-5.1022577018135795,-5.079774486619393,-5.074583677133817,-5.092769511699333,-5.139331690380568,-5.204263819385839,-5.229668452492722,-5.176748278305334,-5.135448029346643,-5.173242387117285,-5.203487514552868,-5.152928938966672,-5.197597031231285,-5.16356156176553,-5.198945638233782,-5.183169063585661,-5.175742378977347,-5.179628322636977,-5.1870366635127025,-5.20451677327931,-5.196367589109274,-5.211038206646338,-5.216318775504363,-5.216710718694312,-5.23010900955548,-5.236843809789633,-5.2531137913825505,-5.263929144722035,-5.279116197071615,-5.290686623885475,-5.312322054648162,-5.332256552698067,-5.352597663552013,-5.38094349734891,-5.408073618869541,-5.439526165640429,-5.473382097389053,-5.50841131302664,-5.548462993762296,-5.5921824719275905,-5.636991603216118,-5.685996754745067,-5.73536669209111,-5.790180271904324,-5.844536642196592,-5.903414851120924,-5.962994120634472,-6.024506544491934,-6.087386526010927,-6.151398386942892,-6.2164073806987945,-6.282039708651162,-6.350765198035501,-6.417137517990715,-6.484491540960121,-6.552187020310637,-6.62052342914431,-6.692419204958869,-6.764717843816083,-6.828861080755412,-6.900614845303141,-6.976007378934851,-7.042231342889632,-7.105160417449395,-7.170795093482729,-7.237470303198368,-7.322006898549287,-7.373180503924961,-7.465039957575147,-7.543859280241472,-7.611830705934545,-7.646231540556379,-7.71882096870481,-7.8048687660554465,-7.9112429831335245,-7.975893374504166,-8.039044687638352,-8.117369023225287,-8.215562227770672,-8.175583168022923,-8.343438021653796,-8.47953309724316,-8.277736598791964,-8.366565104339411,-8.55650419466269,-8.772412224809147,-8.614575834851838,-9.015169564924166,-8.737563596079738,-9.099963143667269,-9.332537963346539,-8.643725250122671,-8.652830452759392
-9.382609317198028,-9.449056728001235,-9.51204051935376,-9.56277999841901,-9.588222133757315,-9.575607720283084,-9.519122281612088,-9.42533361221387,-9.30710710656048,-9.177018408922901,-9.043881491367701,-8.912556744124783,-8.785327746837337,-8.663059547309418,-8.545856365088259,-8.433482681696642,-8.325559066121812,-8.221665395361628,-8.121390121404643,-8.024347876814424,-7.930191451780201,-7.8386108190274655,-7.749331183158817,-7.662110964347115,-7.576736908344903,-7.493021169311582,-7.410798158468435,-7.329920977113923,-7.2502598471572,-7.171699462240681,-7.094137242565562,-7.017481783573013,-6.941651384252671,-6.866573166339796,-6.792181873048585,-6.718419290506037,-6.645233458749064,-6.572578309843184,-6.500413249313295,-6.428703033367183,-6.357417762988183,-6.286533120195977,-6.216030849449837,-6.1458995645807155,-6.076136093375964,-6.006747248351176,-5.937752537005281,-5.869187842954413,-5.801110591185609,-5.733606873928807,-5.666801273093703,-5.600870429942115,-5.536061776552518,-5.472719489522358,-5.411320628836784,-5.352525736776621,-5.297250265635465,-5.246766172959198,-5.202847307518202,-5.167976498000745,-5.145628546064674,-5.140588514381037,-5.158938127386954,-5.205630740677226,-5.270444851469128,-5.29522831398857,-5.242008986493917,-5.201068642925687,-5.239171299173462,-5.268520513234086,-5.218104017689486,-5.262826589117704,-5.228205531162244,-5.2632561879855615,-5.248011903393169,-5.239925494006077,-5.243240421836594,-5.250674880177938,-5.26732131199179,-5.257747099249445,-5.2709207209155124,-5.275125922712856,-5.276514727154241,-5.286389221545551,-5.292743868758421,-5.307799255083038,-5.315095428058578,-5.329525855890825,-5.344330966888418,-5.358901739217523,-5.377100521687698,-5.39837557914913,-5.421916940486012,-5.447352861453112,-5.473327517854032,-5.506005819910661,-5.539635489148595,-5.574938816015734,-5.616209529932593,-5.658820923546109,-5.7040576305203015,-5.751409518620321,-5.802496839485557,-5.856254203955524,-5.9110735373862315,-5.970446561739714,-6.029092545811068,-6.091134659096508,-6.153522797305123,-6.217591056625195,-6.2818375166054645,-6.3484210047874585,-6.414681320114876,-6.482159170690163,-6.550596686513457,-6.618530329200794,-6.689797388423684,-6.755963559672288,-6.830145886918945,-6.898016158847265,-6.966190919351375,-7.040249918306357,-7.100116552160935,-7.183709358321336,-7.250400988462176,-7.326687774058627,-7.391148967289133,-7.441131835092924,-7.5429748479123875,-7.610956397781258,-7.6510742939446175,-7.746243714124765,-7.781961693695952,-7.828259330708651,-7.987615050529096,-8.023960848073843,-8.095617199521094,-8.144701712176131,-8.120412866332018,-8.289965272989729,-8.229775080123233,-8.278683268998988,-8.591672919783992,-8.416815112831317,-8.6661174800458,-8.665317354470371,-9.352032472707236,-8.793083270166756,-9.399808713190854,-8.667980675138836,-8.66376526199311
-9.51589743945034,-9.582406813358666,-9.645092972704509,-9.696132142723753,-9.721076576962076,-9.708773857264045,-9.65264359195508,-9.558619451584246,-9.440441237053447,-9.310355216805668,-9.177219105945245,-9.045888399726623,-8.918665283085687,-8.796390677863398,-8.679189668613699,-8.566814833930755,-8.4588914238406,-8.354998728703896,-8.25472304869113,-8.157680941720564,-8.063524212626996,-7.971943015550579,-7.882663222510414,-7.795442714712712,-7.710068225494973,-7.626352211944583,-7.544128601860659,-7.4632507635443845,-7.3835887189241625,-7.305027216940923,-7.227463562874515,-7.15080610641996,-7.074973254793427,-6.9998917105151905,-6.925496028623346,-6.851727637132608,-6.778534100964468,-6.705868618823681,-6.633689713069003,-6.561960902322857,-6.490650614800505,-6.419732233278413,-6.349184374017291,-6.278991441404797,-6.209144472405651,-6.139642444079671,-6.070494165017082,-6.001720943603942,-5.933360332658513,-5.865471309209953,-5.798141408467876,-5.731496595225027,-5.665714846239454,-5.601044932106632,-5.5378323963793346,-5.47655575936229,-5.417877197662055,-5.362714069741048,-5.312340665097196,-5.268533791655663,-5.2337800948910145,-5.21155911896239,-5.2066605311780965,-5.2251637195227145,-5.2719794740810375,-5.3366894700720255,-5.360912460112715,-5.307429041170875,-5.266819600351502,-5.305203003289106,-5.333753396678882,-5.283477300859276,-5.328241528552192,-5.293125552386038,-5.327864328870025,-5.313104507953334,-5.304470083335884,-5.3073052195795976,-5.314758696791368,-5.33054918162245,-5.3199667994891024,-5.331645165570494,-5.334938420610172,-5.337636141773756,-5.344311767541317,-5.351136373366023,-5.3627387629869325,-5.369632336913326,-5.381103392335166,-5.397165630621121,-5.4089322980988985,-5.426540581629761,-5.44487667007153,-5.4644928256747285,-5.488410126139447,-5.513800093817079,-5.5404819730608486,-5.571078074893492,-5.605467357995411,-5.64156963044551,-5.681283720127452,-5.723927250691096,-5.769515731399804,-5.818920598286337,-5.868663878944472,-5.923502892199504,-5.978553824633903,-6.035873791702036,-6.096947273957593,-6.1576636138420175,-6.219953928167512,-6.284273276845659,-6.35119602066966,-6.414331480149042,-6.484608541140992,-6.55039615063629,-6.616972938623818,-6.687731108501962,-6.754674772577794,-6.82424250111083,-6.897407472583322,-6.962296208590602,-7.034144582451813,-7.110756553998593,-7.180876660996604,-7.232783552608657,-7.322058941496012,-7.380530260313066,-7.435763482560719,-7.534270942189452,-7.589941448785945,-7.683722977897609,-7.706518030014949,-7.820006304035101,-7.910614301493625,-7.891655795619764,-8.055081268280825,-8.08135670554319,-8.167358880594769,-8.159790371540042,-8.224577316959948,-8.224643339612594,-8.349801362213931,-8.391755823982203,-8.419779281420448,-8.417154097753127,-8.743662401443663,-8.660113181072324,-9.578777632136667,-8.947753858281764,-9.192136107768622
-9.649058967176849,-9.715564569045595,-9.778364648196327,-9.829292735825367,-9.854700924449116,-9.842272650054694,-9.785659906204938,-9.692107976165731,-9.57377779669039,-9.44368443000067,-9.310542906673668,-9.179225331015642,-9.051998128338727,-8.929728087047899,-8.812522302727062,-8.700148426502281,-8.59222541437127,-8.48833125989309,-8.388055523523914,-8.291013246971728,-8.196856785834001,-8.105275822057655,-8.015995804497223,-7.928775055930247,-7.843400187888604,-7.759683909320859,-7.677459803698418,-7.596581457332038,-7.516918810787063,-7.438356433500449,-7.360791685106988,-7.284132852764444,-7.208298152301329,-7.133214151197808,-7.058815270601303,-6.98504260019036,-6.911843391819796,-6.839170295126642,-6.766981219965087,-6.695238736065509,-6.623910049432843,-6.552966830321429,-6.482385446594182,-6.412147160326591,-6.3422387767410635,-6.272653501935098,-6.203392281017858,-6.134465721423655,-6.065896781953679,-5.997724537626453,-5.930009372710837,-5.8628401609205,-5.796344127368197,-5.730700495793647,-5.6661592579796825,-5.603067232353435,-5.541904295703207,-5.483334142136085,-5.4282758986655475,-5.378006018180134,-5.334304045603076,-5.299660147771936,-5.277558233486696,-5.272792194218081,-5.291439252329245,-5.338371104799798,-5.402989255347359,-5.426705952032437,-5.372988843393833,-5.332683718971669,-5.371323381592756,-5.399160915977357,-5.349021479555342,-5.393818532025464,-5.358282796119926,-5.392733913588407,-5.378413194715366,-5.369321910273565,-5.371752835817594,-5.379218263293506,-5.394167435091446,-5.3828875437352535,-5.393149974751227,-5.395699396118073,-5.399731249624982,-5.403796554312396,-5.411390172543807,-5.419150264482548,-5.427645953498143,-5.437130004250113,-5.448487405463705,-5.46395979988605,-5.475359837020228,-5.491465671494437,-5.509533207823307,-5.532239590548624,-5.554042314985971,-5.579054316114567,-5.606650290574056,-5.639007569113952,-5.672825426618751,-5.709003040744953,-5.748553986526847,-5.791860654357679,-5.8370585110253135,-5.884736894229458,-5.936616733601731,-5.989794675573732,-6.04454801503593,-6.102182130741739,-6.161679913592706,-6.2245857251942365,-6.288209148849478,-6.350140665085371,-6.41731012876227,-6.483080069953796,-6.547758238204678,-6.6149172642283665,-6.688471909691703,-6.757747043455226,-6.82574161936099,-6.888213288544945,-6.963875277154633,-7.025637523063578,-7.095353181548006,-7.179160416951326,-7.229487578479912,-7.297814459241681,-7.3689554142640485,-7.431555385210748,-7.535823537073479,-7.6110163160638935,-7.6736330022425205,-7.741863002272654,-7.7580834663849,-7.822739485470635,-7.91466805949631,-7.945652548137938,-8.142015848573939,-8.14697289631976,-8.294038156923731,-8.177772671462593,-8.247548236162412,-8.364567413302613,-8.560674925223537,-8.370309053372525,-8.918183598651277,-8.745750392690123,-8.51289409962958,-8.54752301123971,-8.784175868976524
-9.780909461111396,-9.848456294158002,-9.912122246378836,-9.962674378150902,-9.988150337683916,-9.975071798668244,-9.919211541118006,-9.825190197189935,-9.70686114500187,-9.577018201987949,-9.443832485823647,-9.312552423288524,-9.185319211019033,-9.063059784715259,-8.94585734384871,-8.833480479126028,-8.7255585435717,-8.621664758073672,-8.521388804483673,-8.424346306225981,-8.33018955514981,-8.238608759598868,-8.149328463982547,-8.062107507839672,-7.976732656339828,-7.893016013696817,-7.8107915949823745,-7.729912887685741,-7.650249815019591,-7.571686780867181,-7.494121205028307,-7.417461369816523,-7.341625242810564,-7.266539482572146,-7.1921382501691715,-7.118362443198408,-7.0451590179772845,-6.972480369849857,-6.900283791370982,-6.828531241467244,-6.757189016301117,-6.686227537987323,-6.6156214856404425,-6.545349847612932,-6.475396289291853,-6.4057497778920816,-6.336405490456712,-6.267366160445403,-6.198644030613787,-6.130263563337851,-6.062265220854294,-5.994710684143094,-5.927690041030967,-5.861331696333129,-5.795816003866582,-5.731394100695002,-5.6684139805605955,-5.60735678114946,-5.548887602687323,-5.4939272182411445,-5.443754084681065,-5.400150280030201,-5.365609218594404,-5.343618829580084,-5.338976883004554,-5.35775859923992,-5.4047997697318815,-5.469336890786581,-5.492595708144467,-5.438671335179719,-5.39864615134799,-5.4375202062675445,-5.464720986370368,-5.414713081681084,-5.4595369921125405,-5.423643996189411,-5.457832615303715,-5.443908787522405,-5.43443528241432,-5.436524810665724,-5.4439961484798145,-5.4581424961768565,-5.446392815215271,-5.4553578452743485,-5.457316297813204,-5.46255257986485,-5.464623489505178,-5.472890457305194,-5.4774850878494385,-5.487666519421817,-5.496153720736619,-5.503668313137967,-5.51607292070541,-5.530323412195863,-5.544141138908456,-5.559936625764611,-5.57819179801941,-5.59715832893944,-5.620656546414017,-5.64562624114722,-5.673803551856239,-5.705712395900596,-5.7384539331793025,-5.775125712383413,-5.815362395217628,-5.858192367403959,-5.903371717157487,-5.951328824679155,-6.003270763838496,-6.055410411693571,-6.111618186933614,-6.168703840085898,-6.2301080655824075,-6.290524892297526,-6.352271577443944,-6.418020072435863,-6.482942342375238,-6.549620005347402,-6.61803564695204,-6.686914641643496,-6.750218951204938,-6.8249440066400595,-6.892028817058797,-6.964582760252352,-7.022646490130842,-7.104040799556321,-7.16526814109117,-7.239354751351806,-7.305630728383573,-7.38524057096491,-7.4405689966364195,-7.534578134053214,-7.607145034728897,-7.64192474452743,-7.717193685278198,-7.765823978294062,-7.836877891052489,-7.880954802724552,-7.962135879178812,-8.01781897195575,-8.08288039037306,-8.205197264845335,-8.198794667513235,-8.247106302837489,-8.444376833015301,-8.32946030711323,-8.471209526752402,-8.44652221756276,-8.55416721833736,-8.494192646788239,-9.03038110458018
-9.914441707863428,-9.978588473930015,-10.04545204869407,-10.095884166999275,-10.121015685730749,-10.107089205425792,-10.05163214055041,-9.958707321610685,-9.840405136272889,-9.710231235033621,-9.57713947631911,-9.445859069602813,-9.31866135650415,-9.19638144366806,-9.07918995351791,-8.966815419054253,-8.858891035229409,-8.754997807370772,-8.65472223221796,-8.557679552114108,-8.46352261060392,-8.371941585091944,-8.282660872794324,-8.195440130356426,-8.110065069329083,-8.026348475334787,-7.944123887516133,-7.863244845525549,-7.783581387130109,-7.705017889222546,-7.627451746491181,-7.550791140092556,-7.47495404149595,-7.399866986903497,-7.325463931895622,-7.251685846055764,-7.178479362004541,-7.105796597034378,-7.033594494266667,-6.961834546086645,-6.890482362625219,-6.819507462273761,-6.748883260102116,-6.678587078569122,-6.6086002949934795,-6.538908743049032,-6.469503358487553,-6.400381087364401,-6.331546295415598,-6.263012716319602,-6.1948061852651675,-6.1269684321952775,-6.059562319486222,-5.992679069449071,-5.926448150465219,-5.861050974983393,-5.796739732368332,-5.73386350705554,-5.67290460764014,-5.614529442007191,-5.5596603081920914,-5.509577522433549,-5.466065503623255,-5.431620668848817,-5.409734647011445,-5.405208773815428,-5.42411642280065,-5.471260404717153,-5.535726024577582,-5.558570276720755,-5.504461662221892,-5.464694062800856,-5.50378289790484,-5.530414319969183,-5.480531925063625,-5.525378762496284,-5.489180639497925,-5.523131708632979,-5.5095659893017475,-5.499771591399048,-5.501572092905178,-5.509044694521632,-5.5224408762373445,-5.510385985090508,-5.518187200236751,-5.519684354464507,-5.525930416087855,-5.5265425599391005,-5.53519369736703,-5.537606351755333,-5.548406927029445,-5.555845468920543,-5.562523059474555,-5.570330210453881,-5.582199716256397,-5.594743138021256,-5.60947497560881,-5.6252424479984855,-5.643375794274565,-5.665177827401403,-5.688007899019034,-5.71190028849484,-5.740940564305609,-5.771657637477219,-5.805751197629215,-5.842823572935041,-5.882563271095711,-5.9240442704838365,-5.96996970478557,-6.017694266997969,-6.068957336711292,-6.122529155951996,-6.179330913519017,-6.237386867732771,-6.295903277729238,-6.357931862465632,-6.418678881143924,-6.48489798864746,-6.551446731168901,-6.61368171509777,-6.681731703387079,-6.75290817953885,-6.822809802695748,-6.889636259209388,-6.962055204517606,-7.020629747836201,-7.088512457178847,-7.170342454561876,-7.223854087997268,-7.3123180477423135,-7.358932330483744,-7.430961412714462,-7.503851821377673,-7.605484412430092,-7.67780848938317,-7.692289307067628,-7.752926699149966,-7.904702715922205,-7.880126366314522,-7.940746768039888,-8.057334996205508,-8.177093199941586,-8.30111405479591,-8.168343007849383,-8.444149424438354,-8.5148574550517,-8.381537919826254,-8.835119052332328,-8.970730582847292,-8.455730142587091,-8.83898530385517
-10.048091818829846,-10.11371559514139,-10.176972582909242,-10.228371050317545,-10.249573800895844,-10.239898729514552,-10.182983338054191,-10.09132169143534,-9.97337276665349,-9.843684860239746,-9.710553035936357,-9.57917928797934,-9.451974436915068,-9.329722657358687,-9.21251947782031,-9.100148374131978,-8.99222519673957,-8.888330253880625,-8.788055448207645,-8.691013078105565,-8.596855957153842,-8.505274772794365,-8.415994246318721,-8.328773046577151,-8.243398072863487,-8.159681239956832,-8.077456372796547,-7.996577162633794,-7.916913539430434,-7.838349602164178,-7.760783104839581,-7.684121894560842,-7.608284074939275,-7.5331960128113895,-7.458791674532218,-7.385011883349123,-7.311803150695654,-7.239117336596293,-7.166911194732372,-7.095145817987835,-7.023786286545785,-6.9528015080006735,-6.88216397277431,-6.811849731113271,-6.741838495542815,-6.672113825493722,-6.602663494130175,-6.533480220978579,-6.4645625724467655,-6.39591639078927,-6.32755677573837,-6.259510805923843,-6.191821378416904,-6.124552453059917,-6.05779626572954,-5.991683286757854,-5.926395895040873,-5.862187260580519,-5.799407477070311,-5.738539938119347,-5.68025226498544,-5.62546817392211,-5.575469701234352,-5.532043436294607,-5.497688565199601,-5.4759001270523555,-5.471482737904266,-5.490508070255297,-5.537748637685406,-5.602151147216568,-5.6246196346849695,-5.570346880830536,-5.530816352978954,-5.570102312415492,-5.596224091957897,-5.546460648305545,-5.591327915322023,-5.554868273853214,-5.588605801323079,-5.575362861052821,-5.565298128767262,-5.566853404114671,-5.574324033533273,-5.587029973897232,-5.5747872231062985,-5.581558972646872,-5.582700225885329,-5.589750357167893,-5.589327226096078,-5.5980317781583455,-5.5991406429559705,-5.609301969784369,-5.61527988650547,-5.622224023007406,-5.628886006712259,-5.637553487336165,-5.649380103049901,-5.662166615200755,-5.67578520790079,-5.69239841039866,-5.710696442827309,-5.730302095150081,-5.75316973605372,-5.778873815535285,-5.806722158151813,-5.837926778290501,-5.872160225457401,-5.908365025349473,-5.949163824659861,-5.990741415471665,-6.036931132849,-6.085150330182645,-6.136209053370139,-6.189331612382412,-6.244367175252418,-6.303245823184338,-6.361683221046166,-6.422851792399388,-6.485056088963349,-6.5529327986613914,-6.616291923038896,-6.685205222189053,-6.7529750019195225,-6.817600737873362,-6.887545185329335,-6.949263698450846,-7.022077961762863,-7.092435911467033,-7.153883169954654,-7.2213825018376,-7.303698791066254,-7.378284720325888,-7.4232767987528,-7.489984222661058,-7.564080094120382,-7.650065863576235,-7.698594014394709,-7.803928177685708,-7.84628421639597,-7.979360649760444,-8.048359189835118,-8.076548949603318,-8.137817680983536,-8.240690504343945,-8.398720124721565,-8.225879949559712,-8.377340677762835,-8.34007050424884,-8.540733567917018,-8.475454806474813,-8.548985047089849
-10.169682768883364,-10.245778720187502,-10.298944143261073,-10.353997353509723,-10.375619180679246,-10.375192890577242,-10.31517998276959,-10.223050466447667,-10.1069631878854,-9.976863005658021,-9.84374664294511,-9.712557383955584,-9.585297588204911,-9.463035260891363,-9.345856773904604,-9.233477547352695,-9.125558381488853,-9.021662265900877,-8.921388061954609,-8.824346376076932,-8.730189520664691,-8.638608191895635,-8.549327439980864,-8.462106448943311,-8.376731014635268,-8.293013934579163,-8.210789136200125,-8.129909899601863,-8.050245883629161,-7.971681742783854,-7.894114978166994,-7.817453382533675,-7.741614943117947,-7.666526222602613,-7.592120973935995,-7.518339869369853,-7.4451294937938215,-7.372441461170189,-7.300232316630981,-7.2284629275246655,-7.157098019643764,-7.086105975464775,-7.015458615751408,-6.945131094902971,-6.875101878948375,-6.805352823761856,-6.735869447322458,-6.666641301151414,-6.597662702886855,-6.528933714696094,-6.460461517648357,-6.3922624503220336,-6.324364736101673,-6.256812341171637,-6.189670221943236,-6.1230315611671795,-6.05702774684205,-5.991842054322065,-5.927728552487654,-5.86503827578159,-5.804255624278832,-5.746049346355689,-5.691344470956212,-5.641424633472215,-5.598078427745869,-5.563807597961763,-5.542110328314997,-5.537794253320662,-5.5569294826395055,-5.604260694259842,-5.66860748412325,-5.690735009858373,-5.636315704572525,-5.597003415329508,-5.636470553834506,-5.662135640708107,-5.612484308001825,-5.657370509210549,-5.620685916312797,-5.65423254396924,-5.6412803801571645,-5.630987119454951,-5.632333907235552,-5.639800587938435,-5.651878746216675,-5.639530588348614,-5.645400149229276,-5.646268859353599,-5.65393444431958,-5.652792208974119,-5.6612630073143455,-5.661705213608578,-5.670317363770965,-5.674707820762339,-5.681480132719272,-5.688625600967513,-5.696573011948288,-5.706272896736342,-5.715724915195756,-5.729582625636159,-5.743782329656005,-5.758950882564867,-5.777848270606784,-5.797696610567023,-5.820106851794102,-5.845267248381192,-5.874378968005458,-5.905466737200593,-5.938806911766549,-5.975165462510923,-6.014988565678464,-6.057903581784447,-6.104207645179035,-6.151147609467474,-6.2028644493306455,-6.257228536746522,-6.310991031725023,-6.368194980604632,-6.4279209628704095,-6.49212100922295,-6.551466038186278,-6.615637437297864,-6.682334423452795,-6.748667380941598,-6.820330553540405,-6.879407771128299,-6.947587404891844,-7.0196736172672045,-7.0854483377489865,-7.160248985809327,-7.233721337649813,-7.286153063340208,-7.3673794727945685,-7.4205010714445345,-7.503125073320829,-7.559089554043587,-7.668214667784858,-7.703632842386532,-7.760024595989992,-7.8570650288856285,-7.892766811776076,-7.93817613035667,-8.124311398444357,-8.152608010188057,-8.198890538995355,-8.392804194961471,-8.236939346666903,-8.471986858218246,-8.591957118355692,-8.369436707469623,-8.887269645813076
-10.30877675610603,-10.35488207928252,-10.445456390349841,-10.486343580124952,-10.479188180827949,-10.508789840372106,-10.450969588130185,-10.355514015814762,-10.240389775164857,-10.110333767517654,-9.977164123125668,-9.84581827644423,-9.718664130128879,-9.5963532569677,-9.479184238118597,-9.366813805279422,-9.258889800121672,-9.154997462547206,-9.054719536731639,-8.957678566950413,-8.86352242148943,-8.771940536036013,-8.682660550711752,-8.595439438944787,-8.5100636922183,-8.426347127398875,-8.34412203369079,-8.263242581095923,-8.183578537085033,-8.105014179237422,-8.02744707973203,-7.950785213050911,-7.874946508878766,-7.7998572587090695,-7.72545123764561,-7.651669288513123,-7.578457646018616,-7.505767987713763,-7.433556715944379,-7.361784348056596,-7.290415493488277,-7.219418081021174,-7.148763506552577,-7.078426210502923,-7.008383771393695,-6.938616793462429,-6.869109096524079,-6.799847942487668,-6.730824522722339,-6.662034622043736,-6.593479623429494,-6.525167972552164,-6.45711710522044,-6.389356318622964,-6.321930548497031,-6.25490565974295,-6.188375718688739,-6.122472953914127,-6.057381464479288,-5.993356160745281,-5.930748941030391,-5.870045143877385,-5.811914560013735,-5.757283441098361,-5.707436899367287,-5.664165386039788,-5.629973008316324,-5.608360850362905,-5.604139327511803,-5.623377115492541,-5.670793316750953,-5.735090899977883,-5.75690872523425,-5.7023582838257685,-5.663246929241802,-5.702880808341573,-5.72813620053912,-5.678590032653958,-5.723494372829849,-5.686615547077454,-5.719992337010088,-5.707302061973277,-5.696814927320999,-5.697984121137321,-5.705445923399468,-5.716958187431714,-5.704561499838137,-5.709645266784638,-5.710306195043163,-5.718427603297767,-5.716793626660022,-5.724820173201188,-5.724998790065838,-5.731623290827037,-5.7346745956176575,-5.740688360494866,-5.7477216113463445,-5.754867179488439,-5.761343596870968,-5.772726084487471,-5.781838866352595,-5.795245915527634,-5.809866986104979,-5.826277707217786,-5.844199163455254,-5.864136530419948,-5.887516859719995,-5.912038859119506,-5.9400115539113525,-5.970997474981323,-6.005738254970006,-6.0417987267579445,-6.081135616633131,-6.125319232186752,-6.169510776531445,-6.219320421789963,-6.268679542542796,-6.321821149710794,-6.377535868073402,-6.434761598120499,-6.4952305241438415,-6.558619182830198,-6.621432030041633,-6.681975119275945,-6.7489273276346,-6.81383230762205,-6.8802025458343214,-6.955460857426016,-7.019967077593772,-7.0877051207739274,-7.147806615653436,-7.215893313435911,-7.293575858251418,-7.355765669044172,-7.427031677480417,-7.4849888915468465,-7.590397069196648,-7.6180602226107625,-7.71090503153026,-7.80385966243226,-7.830929952622063,-7.9634297844244655,-8.001191319545274,-8.0837041938538,-8.162923353539231,-8.288443835288078,-8.201138389844536,-8.47206012116481,-8.32695046325597,-8.517825951885063,-8.823507672210464
-10.445695726551023,-10.498085562087335,-10.562964353859684,-10.623987946361732,-10.654819163969956,-10.639572286460142,-10.584418069964222,-10.49096412051833,-10.37345928306014,-10.243675408275573,-10.110102830303557,-9.97920787344557,-9.851939978954118,-9.729726984911114,-9.612516784861473,-9.50014044179197,-9.392223362039296,-9.288326655953737,-9.188055054846519,-9.091010684916517,-8.996855111853067,-8.905274643164836,-8.815993066572844,-8.72877276341155,-8.643396741143533,-8.55968000436104,-8.477454946737131,-8.39657558835804,-8.316911573360183,-8.238347109408279,-8.160779775487047,-8.08411768104704,-8.008278524519904,-7.933188879386355,-7.858782487187969,-7.784999825710349,-7.711787235541138,-7.6390963930647695,-7.566883460526166,-7.4951089686016354,-7.423737170566376,-7.352735849297996,-7.282075948202444,-7.211731469335312,-7.141679296138758,-7.071899144824874,-7.0023735547345005,-6.933088112675993,-6.864031723161472,-6.795197018390542,-6.72658112995108,-6.658186670431882,-6.590023180131535,-6.5221091629760295,-6.454474866405959,-6.38716611461837,-6.320249624578383,-6.253820264696424,-6.188011036115396,-6.123006808293977,-6.059063264335955,-5.996533107360728,-5.935902540790903,-5.877842327847128,-5.82327985063806,-5.7735015916636385,-5.730299719548106,-5.6961805260207825,-5.674647770004286,-5.670514430375148,-5.689847870283255,-5.737343692718069,-5.8015978163787665,-5.823134062674909,-5.768466015372892,-5.729539680465203,-5.769327200568923,-5.794214665076906,-5.744766725001401,-5.789688906134067,-5.752641675990299,-5.785868047326011,-5.77341363206128,-5.76276139735764,-5.763779030133927,-5.771235856007827,-5.78224162004984,-5.769834624179133,-5.774236706998544,-5.774739572358857,-5.783188790270217,-5.781222371457327,-5.7886728363538165,-5.788813865005929,-5.793388108354504,-5.795531926897557,-5.800613769630064,-5.806758260115691,-5.812680575596573,-5.819552352080555,-5.82782089403163,-5.839257169565845,-5.848897248328545,-5.862761144952752,-5.876552235329067,-5.892433340225464,-5.90985947173135,-5.930315820195184,-5.953646198427468,-5.978539814880878,-6.006681109660796,-6.037615757558867,-6.071713744771319,-6.109623409616537,-6.148697669696641,-6.1921838123630675,-6.237821640200249,-6.284873849309451,-6.33472160109041,-6.389288328071818,-6.445757307568744,-6.503101740908729,-6.561401736235654,-6.622065726338034,-6.688191165326851,-6.74789478211802,-6.818000901093743,-6.884908830663438,-6.954466959317834,-7.012656307221192,-7.079538243698003,-7.1630684755051774,-7.232899549953772,-7.29094334222887,-7.369861125159665,-7.447824983635697,-7.520619598065451,-7.591477092093051,-7.6149559191248235,-7.735928166817865,-7.755568922162873,-7.8088691140170265,-7.960458586087779,-7.93182504797432,-8.116017276859829,-8.050788585520346,-8.297433607925685,-8.220013033471881,-8.216205830450479,-8.292482144685382,-8.408304496554862
-10.510079525596302,-10.63764914544812,-10.71028865994895,-10.701855994673167,-10.723258919914494,-10.720772965382727,-10.719021676301626,-10.624501019221077,-10.503171936371995,-10.377009418432333,-10.242596646028318,-10.112337175028289,-9.985319454208325,-9.862984661311424,-9.745841848221566,-9.633472172824161,-9.525557375379087,-9.421663747822969,-9.321384962535387,-9.224346296846795,-9.13018776186399,-9.038607833704779,-8.949327429495572,-8.862105544634101,-8.776730077759433,-8.693013229224157,-8.61078835414873,-8.529908604117404,-8.450244687199918,-8.371679941621514,-8.29411256307644,-8.217450266486228,-8.141611047326588,-8.066521071956021,-7.992114256143325,-7.918331125698683,-7.845117889254497,-7.772426153944442,-7.700212066324087,-7.628435927056326,-7.557062015612763,-7.486057779590834,-7.415393981932591,-7.345044194052054,-7.274984881627836,-7.205195008563393,-7.135656274503695,-7.06635296642126,-6.997272316212187,-6.9284046581836,-6.859743980105214,-6.791288617576615,-6.723042293904938,-6.655015599505008,-6.587227977817276,-6.519710547732074,-6.452509958786917,-6.385693712006844,-6.3193574087991795,-6.253634769087748,-6.188711371241129,-6.124843614221383,-6.062384944487143,-6.001822372623297,-5.94382756140784,-5.8893289381421186,-5.839614258736879,-5.7964772808492615,-5.762426312767334,-5.740967582690528,-5.736916434970893,-5.756339034178734,-5.803909393320225,-5.868125139442344,-5.889405144137699,-5.834631377891182,-5.795875405316287,-5.835804667427796,-5.860361379714026,-5.8110048052055125,-5.8559449007161,-5.818750970430683,-5.8518447426766524,-5.839602741313961,-5.828809307373787,-5.829697349855638,-5.837149746322736,-5.847704832097648,-5.835312147301001,-5.83912433968121,-5.839506991054921,-5.848185590688773,-5.845996174883454,-5.852804994384389,-5.853018060010309,-5.855705525633533,-5.857368519204342,-5.861663845684109,-5.86677433066653,-5.872035125093929,-5.880445610529725,-5.88687227386616,-5.895005833469718,-5.905702874849216,-5.915803198968802,-5.929189521480271,-5.942110308477264,-5.959308108680538,-5.976889109274029,-5.996892795706838,-6.0208614935798,-6.045885551426921,-6.073312612330703,-6.104472376841715,-6.138756086592023,-6.174571397941282,-6.215118895972592,-6.2589753485557535,-6.303136409156723,-6.351952906170245,-6.401358685699123,-6.457185651230314,-6.513144037939663,-6.567701349162309,-6.626816517322587,-6.6936561450882355,-6.753188911398363,-6.821842541981741,-6.87850189790608,-6.951477899241313,-7.020721648175548,-7.0783035308139155,-7.156978895017944,-7.224592223163708,-7.3015470343024855,-7.3453846031001735,-7.438241993007933,-7.517286724538793,-7.545886106746458,-7.626227435162798,-7.699311469581462,-7.760574668272599,-7.8810174398472705,-7.868428309463234,-8.035108557589304,-8.042701321736125,-8.055903208061757,-8.15477992389303,-8.371853630137366,-8.237963991740424,-8.339259469901084
-10.66596236032672,-10.646371674919076,-10.843563802140585,-10.863135448588126,-10.719795605124746,-10.90698812596481,-10.775200328491024,-10.758170607870095,-10.630833335894126,-10.508886759280026,-10.375407271660261,-10.2451968109454,-10.118486426510739,-9.996359309498043,-9.879188320258566,-9.766812225165143,-9.65889141352514,-9.554990574194651,-9.45472159678995,-9.357676644643538,-9.263523011211289,-9.171940972713763,-9.082660464046441,-8.99543981651962,-8.910063546922913,-8.826346620676935,-8.744121600627436,-8.66324201966972,-8.58357775293305,-8.50501301890879,-8.427445665233623,-8.350783285811865,-8.274943840489671,-8.199853626643778,-8.1254464723687,-8.051663032282727,-7.978449307542001,-7.905756920284228,-7.833541925732801,-7.761764670234871,-7.690389143837066,-7.619382807075334,-7.548716096680785,-7.478362460103953,-7.408297868771031,-7.338500859575759,-7.268952425090173,-7.199635993471047,-7.130537505361615,-7.061645601829876,-6.9929519740976875,-6.92445181358732,-6.856144566834887,-6.788035002401782,-6.7201346276280844,-6.652463759192924,-6.585054322421315,-6.517953734203283,-6.451230194096616,-6.384979993987067,-6.319337515897006,-6.254488989402964,-6.190691475262544,-6.128299115570272,-6.0677996623913,-6.009865612797918,-5.955426368628106,-5.905770861536544,-5.862694318258716,-5.828706913164518,-5.807317152710522,-5.803342565706818,-5.822848227283609,-5.870488319676308,-5.93467019760659,-5.955716828813335,-5.9008477886272335,-5.862248655308038,-5.902308847779398,-5.926567960626346,-5.877295988744825,-5.922254379723403,-5.884931934723437,-5.917909448515922,-5.905858717519022,-5.894943906136461,-5.895720915662454,-5.903169930533678,-5.9133261008487725,-5.900962371079606,-5.904264850550182,-5.904555890791688,-5.913391101073409,-5.911052591262137,-5.9172039652138295,-5.917529966790033,-5.918594986956877,-5.920104624378571,-5.923854739690031,-5.928183956103396,-5.9334489907980155,-5.941176103241955,-5.947451468104541,-5.953156674935823,-5.9615329556702115,-5.971308118946628,-5.98342473429756,-5.994482980378104,-6.008885148894652,-6.0249415162256765,-6.044574907359951,-6.06366253666324,-6.086344694661085,-6.112950076870914,-6.140283136223638,-6.171083929264708,-6.205454212971035,-6.241059359391529,-6.282661540167395,-6.32529044407895,-6.368656203635727,-6.420019134606735,-6.4676205434842124,-6.524338376848931,-6.578252877354747,-6.635911016046563,-6.693229607417006,-6.7557877669342625,-6.8212555378620845,-6.888342474702844,-6.9453844833943785,-7.014482497540774,-7.089273487979604,-7.147405439821303,-7.210204361182233,-7.298222249518601,-7.363156181522549,-7.4310621792823275,-7.484375508490512,-7.546084622550958,-7.656787499226481,-7.730900222377752,-7.738297584694214,-7.88497414145997,-7.9576621909246805,-7.95895053589267,-8.108895788843625,-8.046889927856197,-8.127714603809999,-8.339923944544568,-8.42209095547862
-10.844220074930881,-10.808981989537394,-10.89137443754311,-11.014964062297869,-10.855402505552588,-11.015482911767405,-10.973642158068749,-10.827296304612913,-10.739076405457665,-10.639638827116705,-10.509707229482471,-10.378288527220601,-10.251434639006026,-10.129477548398855,-10.012512084218303,-9.900136269749842,-9.79219303763483,-9.68831914803168,-9.588047299212539,-9.491011845235006,-9.39685328451617,-9.305274439502755,-9.215992742626137,-9.12877250864903,-9.043396396625882,-8.959679866511749,-8.877454779494188,-8.796575091625577,-8.71691105119081,-8.638346277951443,-8.560778680584434,-8.484116341172777,-8.408276833303114,-8.333186388989809,-8.25877914782274,-8.184995375927123,-8.111781321882154,-8.039088442367605,-7.966872781017176,-7.895094675233799,-7.823718020331379,-7.752710097598115,-7.682041299058363,-7.611684754956905,-7.541616315074188,-7.471814034798156,-7.402258502648925,-7.332932397134173,-7.2638207869585925,-7.194911056550239,-7.126193179984646,-7.05766008102892,-6.989308020240871,-6.921137509355757,-6.853154211550138,-6.7853705100417505,-6.717807511697501,-6.650497895203656,-6.58348975942288,-6.516851972809587,-6.450681446850945,-6.385113178605573,-6.320334003514744,-6.256601591665837,-6.194270727828969,-6.13382985362216,-6.0759522409279,-6.021568192032284,-5.971967727061322,-5.928947434725275,-5.895019211101067,-5.873693667755216,-5.869790353300903,-5.8893733567505375,-5.937078656049463,-6.001230687193768,-6.022064625424512,-5.967109479749636,-5.928654679004881,-5.968835987014369,-5.99282713785614,-5.943633093058976,-5.988610456948229,-5.951174632578311,-5.984050930261479,-5.972172348370229,-5.96115252103829,-5.961834168964551,-5.969281253779138,-5.979086141268761,-5.966758572688032,-5.96962094890396,-5.969841803580979,-5.978782215336794,-5.976343518111337,-5.981856004609174,-5.982299353483216,-5.982025803906027,-5.983592601633847,-5.9870019674667185,-5.990848325561014,-5.996252357649329,-6.001396005275619,-6.006890272195817,-6.014002449663142,-6.020275604337601,-6.029259312372544,-6.037784005256364,-6.048488132204057,-6.062426584559593,-6.076189982721634,-6.0926829053990135,-6.110396196830084,-6.131163074260484,-6.1535978779655975,-6.178497196014143,-6.20749163147497,-6.2389381799758565,-6.271423457560786,-6.3076287201317305,-6.347378808647171,-6.3908598383977635,-6.437012501916984,-6.483927074548588,-6.534413865545104,-6.588631292148312,-6.643033541172785,-6.705232547921747,-6.763657597163859,-6.82698798535652,-6.886871612527076,-6.94883583166893,-7.022129117403355,-7.083248232875731,-7.144356001485359,-7.227430721384531,-7.295816621182806,-7.3655598266282425,-7.413115566776358,-7.474038641516804,-7.549205243373859,-7.640423380758926,-7.672608990824774,-7.748484788200795,-7.869167057123094,-7.932534630540051,-7.9337138141680015,-8.064085392653725,-8.052928029522924,-8.16658712775294,-8.158373721027658
-10.920337865643448,-11.023705377365006,-11.09084553365619,-10.91746941296547,-10.970818844545214,-11.17550638795593,-11.11270144194521,-11.017522558201144,-10.906995110228928,-10.758773800200895,-10.643018023486544,-10.512283622973003,-10.384571281089102,-10.262374484272446,-10.145850453226227,-10.033482126459118,-9.925553506379345,-9.821665301653741,-9.72137742178517,-9.624339923146623,-9.530189182110297,-9.438607717094797,-9.34932776256017,-9.262105591684062,-9.176730589141318,-9.09301328515152,-9.010788409516751,-8.929908590674927,-8.850244440338452,-8.771679797904055,-8.694112168800544,-8.617449563337217,-8.541610075844666,-8.466519526963884,-8.392112051831065,-8.31832804746236,-8.245113789853106,-8.172420575177489,-8.100204494561478,-8.028425706891278,-7.957048185344597,-7.886039117154982,-7.815368759962989,-7.7450101025207365,-7.674938804462446,-7.605132695877525,-7.535571904516726,-7.466238692924436,-7.397117424303916,-7.328194576955644,-7.259458877179739,-7.19090153589004,-7.122516515672838,-7.054301168364216,-6.986256889685917,-6.918390205086419,-6.850714280125394,-6.783250971585934,-6.7160336248531065,-6.6491109818832586,-6.582552518574459,-6.516455723868108,-6.450956158108844,-6.386241215837255,-6.32256913798118,-6.2602952984325375,-6.199908778825298,-6.142083569091602,-6.087750804839399,-6.0382015162006795,-5.995233549615436,-5.961360392343911,-5.940094601220195,-5.936257593891219,-5.955912575866166,-6.003678828394065,-6.067804626723581,-6.088444616946076,-6.033411392745184,-5.995089317833964,-6.035382853497388,-6.059132621766746,-6.010009868059684,-6.055007215723199,-6.017470444724201,-6.050259502549101,-6.038535691866201,-6.027424220307035,-6.028023719002013,-6.0354706802840195,-6.0449680114804245,-6.032678069730314,-6.035160562057495,-6.035327049868966,-6.044338727226294,-6.041831177427218,-6.046745398455965,-6.047293744181429,-6.045941186956131,-6.047678539309823,-6.0508774526764695,-6.054430378763828,-6.059676477968747,-6.0621717520662886,-6.0667798225258105,-6.0734320224681815,-6.080476878648232,-6.08652946638508,-6.095274667983268,-6.104564104115647,-6.116854548607983,-6.128208455305554,-6.143540930394958,-6.15923254271816,-6.176196303095195,-6.198417876329168,-6.220077112561502,-6.246596422001691,-6.27287672922327,-6.304642956431106,-6.33866965935055,-6.376545836376673,-6.413749399527722,-6.458120157686659,-6.502265578211375,-6.550787474718308,-6.601233864082786,-6.65884941797787,-6.708778352212435,-6.766041130947407,-6.83321916623599,-6.891070448974393,-6.954649456646817,-7.014306040319086,-7.088882926796529,-7.151721872168226,-7.2064276658462125,-7.291531084846253,-7.339945231968957,-7.4373109873878525,-7.4840388484752385,-7.562524722472075,-7.62693378996272,-7.66831565598721,-7.7535906788227695,-7.867407613160875,-7.876466873535008,-7.940624285181616,-8.11878515026365,-8.196753071240893,-8.166735677607713
-10.731722054262002,-11.036675416222046,-11.188212373795013,-11.116575053150145,-10.80474640083775,-11.271326384232257,-11.235211549404761,-11.149263923517356,-10.990162904254658,-10.907952560926896,-10.77721596581225,-10.64570309041739,-10.51842075844652,-10.395402546140172,-10.279135690914176,-10.166783492717215,-10.058844402795152,-9.954980611467876,-9.85472427977364,-9.757670962842395,-9.663519198010071,-9.571941514106584,-9.482659776608928,-9.39544054004728,-9.31006361839063,-9.226347599336702,-9.144121990003816,-9.063242345462504,-8.983578101697791,-8.90501327700472,-8.827445819451555,-8.750783173275899,-8.674943424987363,-8.599852861762145,-8.525445289323544,-8.4516612198637,-8.378446710466969,-8.305753269352484,-8.233536727860626,-8.16175752110892,-8.09037939140826,-8.019369438933431,-7.948697921813737,-7.878337779672866,-7.808264350181075,-7.738455388320889,-7.668890770737472,-7.599552310343491,-7.530423935303059,-7.461491448501134,-7.392742625685441,-7.324167449537244,-7.255758187378447,-7.187509866548193,-7.119420724562052,-7.051492998792487,-6.983734028435501,-6.916157702646372,-6.848786530027741,-6.781654484655662,-6.714810909457593,-6.648325827935354,-6.582297266144061,-6.516861305991833,-6.452205857885207,-6.388589685629106,-6.326368714437163,-6.26603261824583,-6.2082560501275,-6.1539709192084695,-6.104469187915443,-6.061549864658206,-6.02772790920587,-6.006517674620103,-6.002742312906562,-6.022464246934833,-6.070287468260982,-6.134390317945681,-6.154853398257672,-6.099749084115609,-6.061548913311601,-6.1019466664318305,-6.12547898999467,-6.076420845469252,-6.1214396067930466,-6.083811855063851,-6.116526866787434,-6.104941911150466,-6.093749517542722,-6.094277963164381,-6.101726960783671,-6.11095700196064,-6.098701441328748,-6.100856070420235,-6.100979548979645,-6.110042885356495,-6.107485257043277,-6.111855073652556,-6.112490361088698,-6.1102750492781945,-6.112229196274605,-6.115285164641213,-6.118620453359113,-6.123307760726935,-6.12416512810021,-6.128503215605959,-6.133306871325049,-6.13907712064413,-6.146026938424171,-6.153836647003244,-6.162969649227441,-6.172460605622449,-6.183593284324122,-6.195337608676811,-6.210441343431183,-6.224519860042206,-6.244839068775937,-6.263449960287486,-6.28682419313906,-6.313507512405118,-6.340136362706279,-6.371721545270222,-6.404737312548915,-6.443347455600505,-6.483121310655012,-6.5243933118923705,-6.569938296229792,-6.620694231771931,-6.6716231104018835,-6.723271584190438,-6.781060585646062,-6.834991660843184,-6.891529498292594,-6.955264407720934,-7.025374510064148,-7.080555273877545,-7.156705807245623,-7.225216695624146,-7.291867454483915,-7.363627875169721,-7.409786639677459,-7.503892378664304,-7.57213382226454,-7.646590860850631,-7.669516785983084,-7.793579692971107,-7.871206274278818,-7.954347925302884,-8.01118580934304,-7.981226949259872,-8.198981273296276
-10.75942613236027,-10.782675487335363,-11.377621760554916,-11.4162635643301,-10.926261927861033,-11.3059100181901,-11.277199229889845,-11.282869693549058,-10.99841619047636,-11.022053173527448,-10.8744868490166,-10.778868986015942,-10.65180230663067,-10.529161066159125,-10.412479149500292,-10.300011117090481,-10.19220770253,-10.088327927967688,-9.988035554769679,-9.891014219173801,-9.796850185425946,-9.705274853293474,-9.615994615484034,-9.528772499029676,-9.44339828564271,-9.359680559850128,-9.277455966932292,-9.196575669306451,-9.116911708911582,-9.038346766409061,-8.960779233953614,-8.884116780290222,-8.80827702361915,-8.73318647784728,-8.658778634512979,-8.584994506945979,-8.511779950483188,-8.439086268105415,-8.366869489394468,-8.29508993752594,-8.223711299231361,-8.15270073538734,-8.082028461882103,-8.011667090228125,-7.941592171573538,-7.871781104919692,-7.802213654422224,-7.732871370199075,-7.663737767666047,-7.594798158611037,-7.526039703985164,-7.45745141171657,-7.389024307051534,-7.320751737448433,-7.252629589873715,-7.184656979296532,-7.116836931671553,-7.049177481461618,-6.981693188033589,-6.91440718652821,-6.84735402098337,-6.780583571887888,-6.714166377911095,-6.648200966701702,-6.582823891637255,-6.518223542550183,-6.454659172628278,-6.392487209145102,-6.332197877840665,-6.274466444703454,-6.2202255339075805,-6.170767969272137,-6.127893835023704,-6.094119449286929,-6.072960826649508,-6.069242731749213,-6.089026908173601,-6.1369033807583815,-6.200986313922458,-6.221288025366689,-6.166118647231039,-6.128030222740417,-6.168525032583154,-6.191861595129275,-6.1428612026919085,-6.187903365729219,-6.150192258445717,-6.182845978018533,-6.171385129408158,-6.160120106592484,-6.16058674887383,-6.1680403413570595,-6.177040530377915,-6.164811862375154,-6.166683606665134,-6.1667717586888715,-6.175879186575781,-6.173280883165424,-6.177167709061901,-6.1778717582745095,-6.174961665082044,-6.177138514281579,-6.1800809754327695,-6.183208315517691,-6.187047404722979,-6.187348536612695,-6.191788296277495,-6.195414021344699,-6.200255559352062,-6.207656043107244,-6.212973220296113,-6.219510035215857,-6.228459591304407,-6.239330890409421,-6.249380876666389,-6.262974131461398,-6.277168897620744,-6.29139436471705,-6.311228253704353,-6.329788526356614,-6.353769324740205,-6.3779799760638305,-6.4057029453839585,-6.439869308409318,-6.47041752615088,-6.510748710523577,-6.55056916776671,-6.589700063489538,-6.637917639265148,-6.682201740262496,-6.73401486861991,-6.792211832812576,-6.848100971910345,-6.9065372333891455,-6.968315452975926,-7.021663653534721,-7.086853223123555,-7.14253227042109,-7.22578061418032,-7.27860465709657,-7.34336586020812,-7.432252694894421,-7.4716410809067435,-7.532803049011014,-7.606807257408291,-7.663278912080513,-7.786249797330962,-7.854765103439828,-7.871538161865162,-7.9568825402754975,-8.024069292501313
-10.764053001386415,-10.801150470519387,-11.08103899479344,-11.36431098726796,-11.116466529426988,-11.573281654387126,-11.476476995961935,-11.344656834719318,-11.140436546837915,-11.068863308985003,-11.037190590647398,-10.891304471439915,-10.785143214740753,-10.662396663356706,-10.545790470899584,-10.433322222306694,-10.325553520933516,-10.221605060141616,-10.121383809014494,-10.024330455826327,-9.930190567207656,-9.838608601798656,-9.749325592097117,-9.66210762491883,-9.576729918414738,-9.493015348826757,-9.410789447340262,-9.32991006869312,-9.250245486217059,-9.171680671930753,-9.094113065938098,-9.017450505404778,-8.941610918834668,-8.866520353663809,-8.792112480156904,-8.718328098797135,-8.645113479558205,-8.572419568204523,-8.500202688100302,-8.42842291165131,-8.35704391646057,-8.286032918240696,-8.215360030038534,-8.144997811122733,-8.074921770104865,-8.005109143777387,-7.935539619177358,-7.8661944769892,-7.797057061046822,-7.7281122199753485,-7.6593466720075405,-7.590748741218798,-7.5223085093840405,-7.454018086857653,-7.385871675611388,-7.317866044604751,-7.250001069294296,-7.182280491491625,-7.114713005295261,-7.047313779687777,-6.980106514721069,-6.91312629057142,-6.846423482347348,-6.780069103997128,-6.714162134738632,-6.648839575374224,-6.584290254353904,-6.520773872564506,-6.458647329637531,-6.398401356348855,-6.340711787005836,-6.28651190504834,-6.237095331719708,-6.194263142438821,-6.160532908643263,-6.139422184418541,-6.13575723737497,-6.155599242329554,-6.203525514100333,-6.26759139273132,-6.287745976904727,-6.232516642290232,-6.194530341061777,-6.235115890772292,-6.25827649248219,-6.209326636507996,-6.254394950028348,-6.216605784062656,-6.249210943293346,-6.237860302005089,-6.226528616003047,-6.226941062408414,-6.234402298900293,-6.243208060679613,-6.230994513150891,-6.232622427269666,-6.232679734609916,-6.2418342877674915,-6.239197140516651,-6.242666899211065,-6.243423707804,-6.239940266271315,-6.242324775418045,-6.245166901064818,-6.248075493174946,-6.2509442284018375,-6.251394104667445,-6.255832311962432,-6.259064697703458,-6.263633039624535,-6.267078734127113,-6.272284653767745,-6.280285678873544,-6.285792924803177,-6.2965403433800695,-6.303651127736532,-6.315254603926056,-6.327971307979783,-6.341900761232744,-6.359397416798987,-6.377548047042565,-6.396159470797571,-6.41877268599581,-6.447484907451185,-6.474509692617841,-6.502908494488499,-6.540742941123738,-6.57480257217117,-6.6135376749279855,-6.655446831933676,-6.703220216320512,-6.751212291896912,-6.8055700917550475,-6.858413675363422,-6.908781340473974,-6.966823327246529,-7.032800801616874,-7.095948678445348,-7.148470661393205,-7.226532853635682,-7.274987844616902,-7.346646622924365,-7.4079869807153065,-7.501370487030642,-7.562129974586213,-7.602853701045535,-7.660863261351504,-7.7324385340488035,-7.807483259611042,-7.9474684345308875,-7.9139492031202145
-11.365655121917715,-10.800497127801869,-11.111835991326675,-10.982322832576346,-11.024016864810712,-11.42033122541186,-11.593401354828142,-11.500353857734295,-11.264769712178166,-11.221443429497214,-11.176127286769677,-11.044126318093301,-10.901543798692304,-10.796363320461875,-10.678908081748412,-10.566815080197795,-10.458860867922942,-10.354810810045738,-10.254658921386259,-10.157677657517425,-10.063515776802005,-9.971923838713922,-9.882658939193266,-9.795440482597874,-9.710065986491871,-9.62634872315115,-9.54412459557012,-9.463243875748539,-9.383580203828837,-9.305014686764041,-9.22744731337353,-9.150784655802381,-9.074944958171761,-8.999854553730698,-8.925446614747985,-8.851662224650338,-8.778447355303422,-8.705753542429099,-8.63353639999935,-8.561756370904993,-8.49037713945093,-8.419365887359058,-8.348692472590999,-8.27832968560321,-8.208252738715663,-8.138439027010786,-8.068867939419563,-7.999520740569381,-7.930380485049831,-7.861431801939651,-7.792661023490213,-7.724055990370138,-7.655606132110082,-7.587302581688794,-7.519138307225966,-7.451108393217299,-7.3832103615489,-7.315444815347484,-7.247816143538199,-7.180333656583098,-7.1130130689053175,-7.045878609000191,-6.978965840940166,-6.912325604839701,-6.8460293475832525,-6.780176467581496,-6.71490437461458,-6.6504023048917205,-6.586930374908403,-6.524845916841994,-6.464640128541489,-6.406989369285587,-6.352827530376872,-6.30344896710052,-6.260655668887427,-6.226966365347935,-6.205900034052118,-6.202284352321636,-6.2221800461355885,-6.270152933261728,-6.334204537866627,-6.354225127156704,-6.298940037162748,-6.261046625387549,-6.301717463273904,-6.324720387790831,-6.2758132418745545,-6.32091149756965,-6.28304712781243,-6.315616954168737,-6.304363101895878,-6.292968371070715,-6.293332729613893,-6.300805289208596,-6.309451064435941,-6.29723602951861,-6.298654358820972,-6.298682288657843,-6.307896968112492,-6.305215907923081,-6.30833822810502,-6.309134318261289,-6.305156627010498,-6.3077245995207285,-6.310477843772435,-6.313164716159929,-6.31507545375045,-6.31598214200835,-6.320117596849227,-6.323118390283224,-6.326890050345006,-6.328222433975967,-6.335636200938269,-6.3386151411651,-6.347629170481311,-6.353760043112029,-6.360608422453716,-6.372731278523563,-6.382578112259886,-6.396596824219668,-6.409311496717038,-6.424413047473112,-6.4423668800004,-6.462806290642132,-6.486086715778693,-6.513574266718391,-6.540198056797929,-6.573731109722256,-6.605303537324801,-6.640328220652042,-6.679406518926488,-6.722817566308732,-6.766475668879913,-6.821487145515134,-6.86937859651609,-6.925839373195549,-6.97718719779917,-7.029899776169861,-7.088417635517573,-7.1646919932224336,-7.223146393694442,-7.273456360087833,-7.337795812566891,-7.404396619745782,-7.4772102560222775,-7.568304692573183,-7.638345784251654,-7.708756299395408,-7.724836413463634,-7.791900453850634,-7.944855856031901
-11.442924398517153,-11.630812983108225,-11.110514540732986,-10.997487783975496,-10.817319563478963,-11.685130557568298,-11.339139302470151,-11.664672911381492,-11.09770515582332,-11.363304525383564,-11.299387856104032,-11.174663904322472,-11.050290510359087,-10.91034672711137,-10.81016715781151,-10.700144509206803,-10.591759335157821,-10.488077871392502,-10.387862015548054,-10.290961301449883,-10.196858632446098,-10.105272714390573,-10.015997084859125,-9.928774408951602,-9.84339622754424,-9.759683939469967,-9.677458035194334,-9.596579174275883,-9.516914266390184,-9.438349540496223,-9.360781527635833,-9.284119096912917,-9.208279331858572,-9.133188844774066,-9.058781030572911,-8.984996620862931,-8.911781759966432,-8.839087704723724,-8.766870660102878,-8.695090373202127,-8.62371102646357,-8.552699419908668,-8.48202565001894,-8.41166242412301,-8.34158492004173,-8.271770359091223,-8.202198184285418,-8.132849452086921,-8.063707089688439,-7.994755580814731,-7.925980973932419,-7.857370711221491,-7.788913740215867,-7.720600531394108,-7.6524231344027,-7.584375357960813,-7.51645300822126,-7.4486544004946635,-7.380980719622797,-7.313436993819058,-7.246033065076606,-7.17878518712175,-7.111718046750591,-7.0448676716307315,-6.978285321992791,-6.912042840580282,-6.8462400171118585,-6.781014641569947,-6.7165563224061735,-6.653125558720577,-6.591080080735226,-6.53091151981488,-6.473296716140861,-6.419170121532957,-6.369826764926551,-6.327069477421204,-6.293418055153384,-6.272392794990704,-6.268822705349341,-6.288768199991285,-6.336784792280287,-6.400824925365169,-6.420723732413094,-6.365386157085036,-6.327576619444494,-6.3683282113970305,-6.3911906075364895,-6.342317390579378,-6.3874508077055845,-6.349511386925035,-6.382060258221081,-6.370889812953944,-6.359433150242793,-6.359754110982082,-6.3672424891718435,-6.375763041822765,-6.363523958703043,-6.364763322693645,-6.364760225187455,-6.374058092227371,-6.371320811765933,-6.374170255375788,-6.374993709989283,-6.370563149946929,-6.373286512696601,-6.375968570553629,-6.378451857659765,-6.379498274006862,-6.380903438602582,-6.384501557117218,-6.38711275639787,-6.389521567508597,-6.392000223447125,-6.396811228542433,-6.402443779590068,-6.404907729392062,-6.411375275715319,-6.418595163909162,-6.427795349683418,-6.439644991105913,-6.450026569444374,-6.461856999745169,-6.474953465658264,-6.493611324015077,-6.50911856863051,-6.528787950898323,-6.55553524181459,-6.579774888106184,-6.609726533558941,-6.638800125444214,-6.674391938791202,-6.705869612871219,-6.751957234337905,-6.789588026810209,-6.834402894489288,-6.885295558502972,-6.930845668371799,-6.994135362480262,-7.044835077304025,-7.095289494294137,-7.160823160576392,-7.217726020742784,-7.298292459834532,-7.353507878905547,-7.424970497347403,-7.499121560202256,-7.566803288829732,-7.642577984684449,-7.656927392342725,-7.732381034447848,-7.798763890446204
-10.894429043513455,-11.74023453739377,-11.15073819308903,-10.993002339706347,-10.824827293585994,-11.42853045876778,-11.522004894474632,-11.436028143271118,-11.228701046644566,-11.221269258062776,-11.383218768004346,-11.31105542836782,-11.1825912231959,-11.058167435029574,-10.943061806362335,-10.83276657311194,-10.724395282073425,-10.621588659813355,-10.521119491872046,-10.424185634793487,-10.330163885027432,-10.238577213806439,-10.1493265708251,-10.062108342485532,-9.97672867472652,-9.89301779288939,-9.810793726221089,-9.729912865130103,-9.650249734107144,-9.571683819216322,-9.494116872940328,-9.417453816701208,-9.341614267537137,-9.266523718016625,-9.192115753983739,-9.118331508156823,-9.045116631606605,-8.972422575811171,-8.90020528229201,-8.828424890711634,-8.757045491030595,-8.686033766020401,-8.61535974163116,-8.544996137368413,-8.47491818796787,-8.405102981512952,-8.335529962565785,-8.266180137291515,-8.197036235127472,-8.128082686055613,-8.059305239703544,-7.990691129668386,-7.9222289299352715,-7.853908623203936,-7.785721569336945,-7.717660628881646,-7.6497204164336905,-7.581897464142924,-7.514190691417422,-7.44660191881139,-7.3791366932229305,-7.3118054036763045,-7.244624744711492,-7.177619869066877,-7.110827208059294,-7.044298404896379,-6.9781056840038715,-6.91234918671895,-6.847167049342736,-6.78274923210763,-6.7193565795296175,-6.6573471920592855,-6.597213096915142,-6.539631575961403,-6.485537593575269,-6.436226798196298,-6.3935027900697685,-6.359886347856153,-6.338898993085399,-6.335371001006745,-6.355362635332712,-6.403420308157261,-6.467451916196055,-6.487240432537139,-6.431852641366037,-6.394117974224984,-6.434946793861162,-6.457685094469301,-6.40883560398829,-6.454011348001086,-6.415993889440404,-6.44853817701354,-6.437437224281699,-6.425916919436939,-6.426197772129661,-6.433707510909471,-6.442139622207436,-6.42984618422883,-6.430934951608426,-6.4308956423034145,-6.440310521423141,-6.437496110218849,-6.440155466802248,-6.440993769579309,-6.436118516415661,-6.438964918616337,-6.441602827145992,-6.443926347047562,-6.4442451161955825,-6.446046554489158,-6.449040655464532,-6.451117730568917,-6.452143215234922,-6.456534714339041,-6.457330808654232,-6.463307910114409,-6.468931581145502,-6.474997827344732,-6.479988821385155,-6.485694994087133,-6.494625823390764,-6.50667682402209,-6.516545434324661,-6.528924948120112,-6.54062423735389,-6.55672663706003,-6.574827353830591,-6.5964225926881594,-6.622910965240551,-6.6482162545621755,-6.676393860627785,-6.704076198652639,-6.739219940607721,-6.771889660749343,-6.8185703235058,-6.858596320340317,-6.903091492254672,-6.946805983105532,-7.003697853125884,-7.059340158723151,-7.110818463192321,-7.160641855764395,-7.239292639169535,-7.295920750587175,-7.342312986319821,-7.433868558268179,-7.465509948459247,-7.535066192628309,-7.594526559825137,-7.704325464622017,-7.733834777205968
-10.880713575448837,-10.914688990795783,-11.163829097788764,-11.603199513451905,-10.821446097406383,-11.460404504586347,-11.741439842294747,-11.63515448327483,-11.438980062680153,-11.377274905345281,-11.569153402151866,-11.423001691561486,-11.316867338444595,-11.196410100421147,-11.077795277219916,-10.961863586071729,-10.854383277196039,-10.754945691667183,-10.65461697679755,-10.55745864227755,-10.46342893841115,-10.371930194205252,-10.282668626912125,-10.195445949109441,-10.110072378283725,-10.026353596935369,-9.944128658092612,-9.863249709673227,-9.78358491974442,-9.705020546626088,-9.627452027972248,-9.550789894082378,-9.474949736043182,-9.399859378220022,-9.325451264629796,-9.251666912877523,-9.178452195023944,-9.105758108419723,-9.033540799019171,-8.961760342813632,-8.890380652255324,-8.819368867260321,-8.748694717115118,-8.678330846862883,-8.608252525517962,-8.538436856645506,-8.468863270826247,-8.39951258365688,-8.330367571382187,-8.261412474264006,-8.192632938213537,-8.124016012000313,-8.0555499765586,-7.98722444739383,-7.919030271969217,-7.850959679293088,-7.783006294091527,-7.715165460473914,-7.6474343293903395,-7.579812422333168,-7.512302117736849,-7.444909470580076,-7.377645327487983,-7.310526838824327,-7.243579545898437,-7.176840267037749,-7.1103610088376605,-7.044214326985717,-6.978500698464076,-6.913358577569057,-6.8489782404688215,-6.785620855949783,-6.723644864466555,-6.663542650136822,-6.605991900980316,-6.551928048310179,-6.502647302312728,-6.459953967847698,-6.42636972433689,-6.4054172314772595,-6.401927986031559,-6.42196229873049,-6.470058731475083,-6.534085057388768,-6.553774270461107,-6.498337409255876,-6.4606683598096675,-6.501572026408362,-6.524202432839907,-6.475364412455809,-6.520592290760804,-6.482490010201031,-6.51504918098569,-6.504002515193225,-6.492413523442584,-6.492656105129427,-6.500194055539771,-6.508578766347529,-6.496190279802428,-6.497156331073828,-6.497071305362827,-6.506648886843469,-6.503725301542894,-6.506291223839188,-6.50712754322781,-6.501787751478072,-6.504714477567681,-6.507343900891481,-6.509577758928272,-6.50933677045279,-6.511351450460201,-6.513842835985541,-6.51535388199195,-6.515257042892765,-6.520831196825436,-6.519772856602779,-6.523517280399661,-6.53042154106321,-6.532511281743907,-6.540648706226136,-6.546938287304769,-6.55137085162973,-6.560672114653976,-6.573787179733868,-6.582016743140933,-6.593094339381646,-6.609092385893981,-6.623115875931454,-6.646387006691315,-6.664257274360733,-6.689488309731193,-6.710895976371614,-6.737208037533046,-6.768003465459828,-6.806538841644566,-6.846087801609266,-6.885931995302699,-6.925041873561772,-6.971683670383956,-7.013346460771153,-7.073377471815759,-7.128877336320536,-7.172236001820248,-7.2329345488949155,-7.290836297502819,-7.3436528516793,-7.406615270573287,-7.497670506049674,-7.550907397205577,-7.6409954792419095,-7.704918186399256
-11.51718673719176,-10.901560470596326,-11.33449275685362,-11.63850403865521,-11.355527217295311,-11.451408291589726,-11.808257288260846,-11.729246127735825,-11.338583731432271,-11.63770464207247,-11.666533387497182,-11.550015481955658,-11.4313503923796,-11.319922253398195,-11.194696637800956,-11.10015141274139,-10.992196618274317,-10.88826755549278,-10.787956352673104,-10.690931909090219,-10.596733516728815,-10.505272193041051,-10.415986101920616,-10.328781693147446,-10.243394349668772,-10.159686678991331,-10.077464622194185,-9.996584194105811,-9.916921335608805,-9.838354946461086,-9.760789134926176,-9.684125629917606,-9.608286385848105,-9.533195514106737,-9.458787522183759,-9.385003111329272,-9.311788322831585,-9.239094399752723,-9.166877065996344,-9.095096601098208,-9.023716871513736,-8.952704804903322,-8.882030598553225,-8.811666460572395,-8.741588028021605,-8.671772075579238,-8.602197951388868,-8.53284661952698,-8.463700813500083,-8.394744609229246,-8.325963563824528,-8.257344539660478,-8.188875676881912,-8.120546303788663,-8.052346915688071,-7.9842692016549135,-7.916306154512534,-7.848452147877159,-7.780703106347809,-7.71305682321092,-7.645513358129663,-7.578075592574158,-7.510750046086758,-7.443548000804916,-7.376487002776362,-7.3095929678404366,-7.242903072450306,-7.176469644489849,-7.110365558563289,-7.044691593471265,-6.979586495395052,-6.915240831794547,-6.851916067162471,-6.789970948896958,-6.729898189806313,-6.672375843067323,-6.618339761253317,-6.569086664660711,-6.526421493642638,-6.49286675202638,-6.471946159683801,-6.468492410917388,-6.4885661092221865,-6.53669931355865,-6.600724089585177,-6.620324733002912,-6.564838632391553,-6.527225363418504,-6.56820283712891,-6.590741911737414,-6.54190019307392,-6.587193583669434,-6.5489949638956855,-6.581593036777633,-6.570583114043589,-6.5589163071013195,-6.5591208707056925,-6.566695459962912,-6.57508109396228,-6.562542749543944,-6.56341593398872,-6.563270138659735,-6.573069067357271,-6.569989206530141,-6.572580654720378,-6.573387695963363,-6.567543624134516,-6.570484790453929,-6.573145134582301,-6.575383750805774,-6.574799103873335,-6.576763075572198,-6.579002555450147,-6.580010062409761,-6.578997159064089,-6.5850336183534965,-6.583802094793895,-6.586327686580174,-6.590035824178714,-6.595985758256531,-6.600397651292468,-6.6080816657203325,-6.610814614281988,-6.622651856162092,-6.628704988270523,-6.639501034562561,-6.649164045395482,-6.6619492220653385,-6.6737851377111355,-6.6951461310700395,-6.7133559007833,-6.734158838913602,-6.7563193732999105,-6.77547933582188,-6.803332140120751,-6.841904142507422,-6.868911961497046,-6.911072176028116,-6.953343944201696,-6.985672045850274,-7.031929576563604,-7.087265580848775,-7.130512890012752,-7.180091673950213,-7.241942082492217,-7.29560317618355,-7.376251982045115,-7.413720438509518,-7.498723904418087,-7.558683655362388,-7.597298528044595
-11.104141528009865,-11.874183446017758,-11.305903563437598,-11.12199792856373,-11.345515851152667,-11.244477821340167,-11.80016700483012,-11.78365303321428,-11.113996573266878,-11.52900507530514,-11.532150415770948,-11.709424629834418,-11.56722314543708,-11.42126932809098,-11.33685475419524,-11.227177894051964,-11.118967238967207,-11.015701118046916,-10.921391332669923,-10.82427649152383,-10.730176065576257,-10.638576799322415,-10.549276172445516,-10.462117117438458,-10.376739868908636,-10.293027805443042,-10.210799059978774,-10.129921300460733,-10.050258655517554,-9.971693731409484,-9.894125295913556,-9.81746400543116,-9.741623486064794,-9.66653339653627,-9.592124791772646,-9.518340595187322,-9.445125747603075,-9.372431729926252,-9.300214534195037,-9.22843402908546,-9.15705429900587,-9.086042184175387,-9.01536768824483,-8.945003616043426,-8.874924785629366,-8.805108597365832,-8.735534211077036,-8.666182503405604,-8.597036041488591,-8.528079032010623,-8.459296813403235,-8.390676320211686,-8.322205344584999,-8.253873133896162,-8.185669917855233,-8.117586972013433,-8.049616780829243,-7.9817531100959656,-7.91399087861234,-7.846326673878389,-7.778758819250243,-7.711287862035167,-7.643917155281225,-7.5766536562804525,-7.509509033251165,-7.44250120360558,-7.3756564403954155,-7.309012220699441,-7.242621187826385,-7.176556506317259,-7.110919230077054,-7.04584836984706,-6.981534763199483,-6.918240145629579,-6.85632353257544,-6.796277941359708,-6.738781746501056,-6.684771178957048,-6.6355434110509925,-6.592903953335388,-6.5593760591549515,-6.538484438914087,-6.535062984386543,-6.555172906830836,-6.603341266768022,-6.667368965532945,-6.686891821395283,-6.631354719022897,-6.593786366132237,-6.634838214923182,-6.657303637003667,-6.60843897509753,-6.653816060818864,-6.615503564880711,-6.648171049129335,-6.637176505602667,-6.62541762953065,-6.625582623392534,-6.633204068610501,-6.64165035833275,-6.628888112836601,-6.629703877041218,-6.629474956545541,-6.639567088080139,-6.636263215505919,-6.639033210822549,-6.639763137915503,-6.633370651568508,-6.636215857610717,-6.6389392091730235,-6.641294125779623,-6.640675469276368,-6.642189875496644,-6.644576621721331,-6.645221020261434,-6.643344874175962,-6.649573031446673,-6.648337492274698,-6.650677411810298,-6.652498492100388,-6.6614686142496815,-6.6609410440707,-6.665633873018844,-6.675102338277698,-6.682445930963621,-6.687478300043844,-6.696358196202402,-6.701811095851342,-6.719021923751398,-6.72840664336489,-6.745976576600075,-6.760053537376476,-6.776250232735151,-6.795605161673086,-6.819957996571421,-6.847297828821466,-6.87246937555139,-6.900196017329489,-6.9359943953925915,-6.980181897661585,-7.01014024277349,-7.05921349964558,-7.111112086189304,-7.152232884758009,-7.195184057819433,-7.266251185911089,-7.323325552174229,-7.361656927832543,-7.436647365459775,-7.481358745507206,-7.548579118944149
-12.259773399044775,-11.262825178591992,-11.163223157111515,-11.105939983396746,-10.890436168679585,-11.25290576661172,-11.19622518006981,-11.775560508406446,-11.122175949354398,-11.255349042793169,-11.69173254599801,-11.662735216502515,-11.713674371334543,-11.596391254666774,-11.475570650231974,-11.366029567316518,-11.228350438234397,-11.154468803158236,-11.048747013291273,-10.957683399707143,-10.863529688498494,-10.771606043963507,-10.682599130472136,-10.59543714528741,-10.510040840413819,-10.426363713587536,-10.344141731656231,-10.263261129272465,-10.183597638246608,-10.105029672626182,-10.027465363880754,-9.950801759084785,-9.87496321657406,-9.799872082025967,-9.72546415815508,-9.65167936561839,-9.578464745714943,-9.505770660656795,-9.433553359621044,-9.361772987730632,-9.29039323898761,-9.21938112318839,-9.148706576997924,-9.078342204147644,-9.008263454162675,-8.938446984441923,-8.868872354258569,-8.799520275150734,-8.730373439776104,-8.661415775088857,-8.592632739667042,-8.524011131106695,-8.455538625211057,-8.387204337623016,-8.318998277109536,-8.25091148878702,-8.18293607190989,-8.11506526322181,-8.047293339559205,-7.979615947919598,-7.912030149247098,-7.844534780172842,-7.77713084508642,-7.709822151309948,-7.642616024028707,-7.57552450395175,-7.508565859460736,-7.441766656398027,-7.375164689067001,-7.308812873477762,-7.242784636436072,-7.177181280120732,-7.112142069490768,-7.0478580788672485,-6.984591282177165,-6.922700947167648,-6.862680349092261,-6.8052081505030895,-6.751220909699273,-6.702016193722167,-6.659400017578603,-6.625896305305732,-6.605030698204615,-6.601638316841938,-6.6217813867484825,-6.669983714738238,-6.734019877471022,-6.753476157079162,-6.697884308550864,-6.660348389263233,-6.70147714199346,-6.723888708803793,-6.674976200101996,-6.720461600070176,-6.6820099426155455,-6.7147864269447455,-6.703779944726913,-6.691908223165284,-6.692029973901628,-6.699710329622951,-6.708294076846296,-6.695207809279227,-6.696012727545747,-6.695668691268541,-6.706136939478428,-6.702513363214071,-6.705664158524886,-6.7062323804219055,-6.6992735574538065,-6.701836375177085,-6.704626852115472,-6.707206833816802,-6.707024740188161,-6.707467216116103,-6.710544101466395,-6.711068258768873,-6.708371182964854,-6.714733385594699,-6.7126700989115085,-6.715106106638965,-6.71651665986424,-6.724280951066389,-6.727500811620313,-6.729067964976822,-6.73267077333483,-6.740615351482266,-6.744109446793667,-6.7545717383215225,-6.76257366267927,-6.773526791264099,-6.786187247830571,-6.796077969615902,-6.81286210821224,-6.828109046228309,-6.8400831538162175,-6.861428870734973,-6.88402715441768,-6.908004622878528,-6.942535335618763,-6.9683883621575555,-6.999162084434816,-7.048194318716138,-7.0761558232675945,-7.128028899388645,-7.175754063264765,-7.208741989165271,-7.280472947945917,-7.328149798007039,-7.393377720791801,-7.431572172814101,-7.515637335579154
-11.240825410355987,-11.813498813811634,-10.979164985352952,-11.641100453507002,-10.882166229398985,-11.790770909187138,-11.202569301819569,-11.28926484203158,-11.118623102635585,-11.265799850262335,-12.006549769437092,-11.852462396901961,-11.687207890938392,-11.686044331779414,-11.51688999578711,-11.499588313009824,-11.364193970899915,-11.287327406648279,-11.187203786292718,-11.085965112826882,-10.996771049129764,-10.904465870644723,-10.816014175832553,-10.728781022017436,-10.643303233871396,-10.559708093708549,-10.477479782730255,-10.396601840968962,-10.316931450112827,-10.23836928946954,-10.16080463321504,-10.08414405762012,-10.008303521428875,-9.933213799227264,-9.858804774881339,-9.785020919496418,-9.711805738761583,-9.639111825953913,-9.566894429187217,-9.495113929464566,-9.423734327820304,-9.352722181526303,-9.28204762128371,-9.211683177170398,-9.141604139251509,-9.071787740077372,-9.00221283565525,-8.932860498359291,-8.863713291174548,-8.794755166335385,-8.72597154524712,-8.65734913243633,-8.588875492424128,-8.520539677392811,-8.452331537973519,-8.384241894419159,-8.316262652598642,-8.24838658653316,-8.180607547747286,-8.112920463092781,-8.045321450634358,-7.977808131925855,-7.910379764569817,-7.843037811464892,-7.7757864504112115,-7.708633381798448,-7.64159097873893,-7.574677816178601,-7.507920758546979,-7.441357866694457,-7.375042312983933,-7.309047766065362,-7.243475762846764,-7.178465781732086,-7.114209116259317,-7.050967953252667,-6.989101777762267,-6.92910408721128,-6.8716537922516725,-6.817687725906843,-6.7685037880256065,-6.725908422033695,-6.692426147633305,-6.671583483710967,-6.66821684859847,-6.688390014485004,-6.736625626384942,-6.800677298499335,-6.820079138019751,-6.764426285884419,-6.726907899091111,-6.768118498760998,-6.790499487569093,-6.741506421343714,-6.787133331805658,-6.748507203240924,-6.781444813475602,-6.77039001024874,-6.758376335187113,-6.758448637792928,-6.766201471929956,-6.775024289205621,-6.761478947510624,-6.76233924796916,-6.761835615757101,-6.7727664804179515,-6.768691002068788,-6.772491392774433,-6.77275151855298,-6.765292581191916,-6.76727024665988,-6.7700706692756,-6.772936961388047,-6.7738832550250345,-6.77234485825304,-6.776698282807287,-6.777478619350852,-6.774392167385805,-6.780443483269628,-6.776372511428655,-6.778832179572716,-6.780265031852681,-6.7873691005631125,-6.792203630263731,-6.795599821974826,-6.799957541027564,-6.798734782502563,-6.807913886670858,-6.816763048010733,-6.81626596560827,-6.8261748198824215,-6.834030737272209,-6.845845654251744,-6.859635291070394,-6.877548108319801,-6.887629097679454,-6.9058284506567675,-6.935914665211357,-6.949780557077529,-6.973666807549844,-7.009939560117369,-7.032175365536249,-7.077577372187066,-7.104183301607981,-7.155034980967441,-7.1937747182502045,-7.234442352077157,-7.277541698637225,-7.347581793344377,-7.387421115482478,-7.453490437004011
-10.802237736249763,-11.207505315627495,-11.343764360188349,-11.268453586881455,-11.35127339541842,-11.738937846395697,-12.658538082490713,-11.296075226465033,-11.735453123205597,-11.261978728402205,-12.11430826695125,-11.877314999314104,-11.864572621204031,-11.628050587245841,-11.6833846814761,-11.595132562758957,-11.496004205284235,-11.421166567794492,-11.32107806628326,-11.223697720047557,-11.126892806268263,-11.035735519041506,-10.949367924264859,-10.862138966197437,-10.776595367724227,-10.693044575433715,-10.610827802403458,-10.529948236238052,-10.450282633006942,-10.371719361256352,-10.29414798303504,-10.217486512790924,-10.141648482358583,-10.06655740935722,-9.992149737911319,-9.918364418201019,-9.845150122639431,-9.772455670507004,-9.700238413941113,-9.628457803111097,-9.557078104583944,-9.48606609453934,-9.415391497589194,-9.345027020699952,-9.27494792787751,-9.205131236463373,-9.135556253941743,-9.066203787460626,-8.997056324825042,-8.92809791344906,-8.859313815872296,-8.790690749609409,-8.722216285447459,-8.653879394197194,-8.585669674673307,-8.517577980890213,-8.449595873482735,-8.38171597273241,-8.313931686393252,-8.24623747270313,-8.178628744986739,-8.111102205979941,-8.043655870694474,-7.976289460357161,-7.9090048227588765,-7.841806478531582,-7.774702483271161,-7.707705501064135,-7.640834401272765,-7.574116321026076,-7.507589564621612,-7.44130753000485,-7.375344116803749,-7.309801062054248,-7.244818043076649,-7.180586544273372,-7.117368937180378,-7.055524887924548,-6.995548083138119,-6.938117626992765,-6.8841705731101275,-6.835005082192786,-6.792427946403164,-6.758964200214553,-6.738141192113053,-6.734796756531533,-6.754996913106341,-6.803265727593164,-6.867342036233495,-6.886703159267654,-6.830979819597473,-6.793460554497697,-6.834760923273637,-6.857139981164532,-6.808022924536839,-6.8538358994741575,-6.814987031458313,-6.848155032452118,-6.837001893480463,-6.824806575206807,-6.824820223743127,-6.832659563151087,-6.841858327621425,-6.827673044741293,-6.82868770659227,-6.827964464057411,-6.839430114432698,-6.834726352401506,-6.839526372973816,-6.839234413152763,-6.831527667469064,-6.8324624270930014,-6.835110919749101,-6.838196919501581,-6.841150612342775,-6.836567856823387,-6.8424592083892914,-6.843913624244827,-6.841869538150505,-6.845838261545875,-6.839514311350044,-6.841608086175067,-6.843164530227274,-6.85255003225414,-6.8563823033513955,-6.859499327626403,-6.859979387596268,-6.860746640264627,-6.867220459214065,-6.876628802295713,-6.881997446212875,-6.8823538288234625,-6.895209343719916,-6.90011211159554,-6.920804727653406,-6.929966681411518,-6.937566709003368,-6.963746124407633,-6.977028111412446,-7.003285665398831,-7.014046022396348,-7.04817432705582,-7.080073621069555,-7.110540174776384,-7.145491628616375,-7.170969157220442,-7.222797351204263,-7.260195464285757,-7.29132648945768,-7.364380221885531,-7.387798303380276
-10.82106587727351,-10.82963669884183,-12.281361814745894,-12.519823150592304,-11.748560988080186,-11.250552117337223,-12.798699190980232,-12.539552207077717,-11.723329834607163,-12.235994484943571,-12.150900067037863,-11.93945859321632,-11.947266574802384,-11.764214481125789,-11.876481776079332,-11.757722730693757,-11.511916525800586,-11.548066970414993,-11.453451377524782,-11.357354065996827,-11.263429792722391,-11.17196562259579,-11.082548880730922,-10.995446252103449,-10.9100266976914,-10.82639462100043,-10.744168251187201,-10.663289590042368,-10.583618338331057,-10.505056327341505,-10.42749849960696,-10.35083316960981,-10.274994740926443,-10.199905069838605,-10.125495582625987,-10.05171278398737,-9.978497251591033,-9.905803589799177,-9.833585838601664,-9.761805388843017,-9.690425645289785,-9.619413558879831,-9.548739108730217,-9.478374291714971,-9.408295248897401,-9.338478765134614,-9.268903674852849,-9.199550964864205,-9.130403384383227,-9.061444725224565,-8.992660342641098,-8.924036811255098,-8.855561747621016,-8.787223979797252,-8.719013179390274,-8.650919949498151,-8.582935744329562,-8.515053008981381,-8.447264879291172,-8.379565410256207,-8.31194953645111,-8.244413287076924,-8.17695372341833,-8.109569317755533,-8.042260213962152,-7.975028569143812,-7.907879262058137,-7.84082064177816,-7.773865668648312,-7.707033472564426,-7.640351427442612,-7.573858066404935,-7.507607010339625,-7.441672339646274,-7.3761559818429845,-7.311197789374153,-7.246989409652916,-7.183793362256837,-7.121969467132354,-7.062011546525808,-7.004598849874448,-6.950668579410387,-6.901519078222005,-6.858957394530109,-6.825508983730848,-6.804701987094894,-6.8013758325592635,-6.82159971252844,-6.869902376957342,-6.934015301112057,-6.953351923083007,-6.897544441524689,-6.860000879822674,-6.901402595395048,-6.923816400854148,-6.874517251015111,-6.92057576238315,-6.881439239682462,-6.914930111601438,-6.90360825460026,-6.891178386334313,-6.89112074564936,-6.899058690314686,-6.908819293762931,-6.893755167127794,-6.895075717342994,-6.894054985755078,-6.9060764084478246,-6.900522649366989,-6.90675346698144,-6.90552416965813,-6.898169891675042,-6.897442500464857,-6.899638922510339,-6.902646714514137,-6.9083593758928,-6.900186570420945,-6.906791077616636,-6.9089708334611215,-6.9105173145181205,-6.9089323862236425,-6.904043417760862,-6.905242987014682,-6.907241605700847,-6.9187712502656185,-6.919530966798726,-6.923502089111906,-6.923307856703062,-6.926284215868333,-6.934718228970927,-6.930112243711598,-6.937729369364291,-6.950136173256343,-6.95336246689545,-6.957518317755305,-6.971785552174802,-6.9867267050928525,-6.996142005223578,-7.004509833137722,-7.020959634044595,-7.039784655457735,-7.068056485638492,-7.081905885243752,-7.119914485611048,-7.132358551698685,-7.165937762851891,-7.205594907827527,-7.240852875965094,-7.292547419835779,-7.331029992252046,-7.366948057256329
-10.943542385055343,-10.84679216952592,-11.162533657108977,-11.49776549983704,-11.21000828954477,-11.102042011678352,-11.200653660273499,-12.389338448558998,-11.19317052188476,-12.227232771376206,-11.431719688619783,-11.948640580099068,-12.022767357314867,-12.126894754281743,-11.943349016524776,-11.878647843515019,-11.645582139252758,-11.681437909622524,-11.578698220540957,-11.490099479575932,-11.395673296925207,-11.300509653959152,-11.213814649756266,-11.128332300984425,-11.04336891948985,-10.959725865307332,-10.877523923339169,-10.796621614698152,-10.716979257144652,-10.638414709479957,-10.560846460472098,-10.48418819670022,-10.408347231375124,-10.333257625122878,-10.258849431002474,-10.185064107826786,-10.111850775026952,-10.03915606419869,-9.96693902331434,-9.895158029859084,-9.823778494142516,-9.752766347509823,-9.682091805095796,-9.611727404851367,-9.54164799776505,-9.47183129510636,-9.402256424646506,-9.332903586169335,-9.263755764718216,-9.194796986253413,-9.126012350238433,-9.057388540050606,-8.98891299618986,-8.920574634778234,-8.85236301028447,-8.784268641251064,-8.716282932650197,-8.64839809514938,-8.580607119805371,-8.512903770222032,-8.445282650984938,-8.377739246373245,-8.310269954905232,-8.242872330449304,-8.175545207311421,-8.108289075490442,-8.041106438717735,-7.974002482079863,-7.9069858230706505,-7.840069701581924,-7.773273469695561,-7.706624733619711,-7.6401622297202305,-7.573939763947561,-7.5080315998107245,-7.442539822478756,-7.377604431568138,-7.313417202810489,-7.250240779785784,-7.188435084572831,-7.128494029329045,-7.071096937891254,-7.017181085055477,-6.968044897961219,-6.925495567382861,-6.892058865134251,-6.871263691623022,-6.867951322111466,-6.8881953458733145,-6.936533393770131,-7.000698789011728,-7.020030867775975,-6.9641201885567865,-6.926521839735744,-6.968040900011563,-6.990537949757924,-6.9409786070203445,-6.987361508161611,-6.947851295626764,-6.981788649779576,-6.970197390528619,-6.957464073540405,-6.957318929390235,-6.965360973114193,-6.975935554305806,-6.959684410500807,-6.961543965946973,-6.960130354490563,-6.972608673176754,-6.965955944415086,-6.9740889696008415,-6.9713621601137685,-6.965526081872714,-6.962446465572193,-6.9637813579781325,-6.966134825463983,-6.974403732060478,-6.964184138859956,-6.968877684943427,-6.970934379170885,-6.977324251862854,-6.968984322944996,-6.97414834839905,-6.9751122427236805,-6.9781441371550645,-6.978670171696729,-6.9767595810878555,-6.981967855503788,-6.991263673311708,-6.985310254380521,-6.998060812531672,-6.990388228899683,-7.0060173197261335,-7.002971679152648,-7.006891281937656,-7.014216455982831,-7.025574978263189,-7.033663929432698,-7.050128076485452,-7.054982219987117,-7.0785180862297,-7.096882088492866,-7.1028406269354445,-7.12428074109903,-7.145290806556938,-7.185569185189639,-7.2135182925608,-7.244347949867593,-7.275836060385746,-7.321351309380389,-7.341673560714996
